#                                                                                         --- full sequence --- -------------- this domain -------------   hmm coord   ali coord   env coord
# target name                     accession   tlen query name           accession   qlen   E-value  score  bias   #  of  c-Evalue  i-Evalue  score  bias  from    to  from    to  from    to  acc description of target
#             ------------------- ---------- ----- -------------------- ---------- ----- --------- ------ ----- --- --- --------- --------- ------ ----- ----- ----- ----- ----- ----- ----- ---- ---------------------
TRINITY_DN16498_c0_g1_i1:23-376   -            118 3120at3041           -            260   2.9e-57  190.7   0.2   1   1   2.2e-59   3.1e-57  190.7   0.2    61   166    10   118     1   118 0.92 -
TRINITY_DN19196_c0_g1_i1:15-797   -            261 3120at3041           -            260   3.4e-51  170.8   0.1   1   1   5.8e-53     8e-51  169.6   0.1    29   254     1   259     1   261 0.83 -
TRINITY_DN316_c0_g1_i1:302-871    -            190 3120at3041           -            260   4.3e-19   65.6   0.0   1   1   3.6e-21     5e-19   65.4   0.0    15   156    36   184    24   190 0.85 -
TRINITY_DN316_c0_g1_i3:302-871    -            190 3120at3041           -            260   4.3e-19   65.6   0.0   1   1   3.6e-21     5e-19   65.4   0.0    15   156    36   184    24   190 0.85 -
TRINITY_DN316_c0_g1_i4:302-871    -            190 3120at3041           -            260   4.3e-19   65.6   0.0   1   1   3.6e-21     5e-19   65.4   0.0    15   156    36   184    24   190 0.85 -
TRINITY_DN43202_c0_g1_i1:170-682  -            171 3120at3041           -            260   7.3e-11   38.6   0.1   1   1   6.6e-13   9.1e-11   38.3   0.1    52   161    32   142    14   146 0.88 -
TRINITY_DN7122_c0_g1_i1:58-696    -            213 3120at3041           -            260   8.4e-08   28.6   0.0   1   1   7.2e-10   9.9e-08   28.4   0.0    52   164    96   208    62   213 0.84 -
TRINITY_DN8316_c0_g1_i3:629-1123  -            165 3120at3041           -            260   1.3e-05   21.4   0.1   1   1   1.6e-07   2.3e-05   20.6   0.1    62   167     2   122     1   126 0.67 -
TRINITY_DN26386_c0_g1_i1:2-280    -             93 3120at3041           -            260   0.00041   16.5   0.0   1   1   3.3e-06   0.00045   16.4   0.0   106   160    32    86    10    91 0.78 -
TRINITY_DN41807_c0_g1_i2:544-1218 -            225 3120at3041           -            260    0.0013   14.9   0.0   1   1   1.2e-05    0.0016   14.6   0.0    23   167    34   186    21   212 0.64 -
TRINITY_DN44277_c0_g1_i1:247-579  -            111 3120at3041           -            260    0.0065   12.6   0.0   1   1   5.3e-05    0.0073   12.4   0.0    63   159     1    95     1   105 0.73 -
#
# Program:         hmmsearch
# Version:         3.2.1 (June 2018)
# Pipeline mode:   SEARCH
# Query file:      /sw/bioinfo/BUSCO/v5_lineage_sets/lineages/chlorophyta_odb10/hmms/3120at3041.hmm
# Target file:     /crex/proj/snic2022-23-81/expression_algae/code/busco/trinity_VA-3180-Osg03Mul/run_chlorophyta_odb10/metaeuk_output/rerun_results/trinity_VA-3180-Osg03Mul.Trinity.fasta.modified.fas
# Option settings: hmmsearch --domtblout /crex/proj/snic2022-23-81/expression_algae/code/busco/trinity_VA-3180-Osg03Mul/run_chlorophyta_odb10/hmmer_output/rerun_results/3120at3041.out --cpu 1 /sw/bioinfo/BUSCO/v5_lineage_sets/lineages/chlorophyta_odb10/hmms/3120at3041.hmm /crex/proj/snic2022-23-81/expression_algae/code/busco/trinity_VA-3180-Osg03Mul/run_chlorophyta_odb10/metaeuk_output/rerun_results/trinity_VA-3180-Osg03Mul.Trinity.fasta.modified.fas 
# Current dir:     /crex/proj/snic2022-23-81/expression_algae/code/busco
# Date:            Fri Sep 23 10:13:06 2022
# [ok]
