#                                                                                         --- full sequence --- -------------- this domain -------------   hmm coord   ali coord   env coord
# target name                     accession   tlen query name           accession   qlen   E-value  score  bias   #  of  c-Evalue  i-Evalue  score  bias  from    to  from    to  from    to  acc description of target
#             ------------------- ---------- ----- -------------------- ---------- ----- --------- ------ ----- --- --- --------- --------- ------ ----- ----- ----- ----- ----- ----- ----- ---- ---------------------
TRINITY_DN7256_c0_g1_i1:101-883   -            261 3408at3041           -            367   2.5e-46  154.9   4.8   1   1   2.3e-48   3.4e-46  154.4   4.8    74   260     5   204     3   216 0.84 -
TRINITY_DN16628_c0_g1_i1:861-1397 -            179 3408at3041           -            367   4.6e-14   48.7   2.8   1   2   4.1e-15   6.3e-13   45.0   1.9   174   269    17   130     3   138 0.76 -
TRINITY_DN16628_c0_g1_i1:861-1397 -            179 3408at3041           -            367   4.6e-14   48.7   2.8   2   2      0.55        84   -1.5   0.0   312   337   145   170   132   173 0.81 -
TRINITY_DN41149_c0_g1_i1:650-1210 -            187 3408at3041           -            367   1.7e-10   37.0   0.0   1   1   1.5e-12   2.3e-10   36.5   0.0   174   260    22   110    16   120 0.83 -
TRINITY_DN41571_c0_g1_i1:687-1523 -            279 3408at3041           -            367   4.1e-09   32.4   0.6   1   1   3.9e-11   5.9e-09   31.9   0.6   160   230   123   190   117   205 0.87 -
TRINITY_DN29056_c0_g1_i1:356-1096 -            247 3408at3041           -            367   1.5e-06   24.0   0.0   1   1   1.3e-08   1.9e-06   23.6   0.0   174   266   109   204    87   216 0.78 -
TRINITY_DN453_c0_g1_i10:1426-2079 -            218 3408at3041           -            367   0.00063   15.3   0.0   1   1     6e-06   0.00091   14.8   0.0   170   207    51    88    36    92 0.80 -
TRINITY_DN453_c0_g1_i4:756-1553   -            266 3408at3041           -            367   0.00077   15.1   0.0   1   1   8.3e-06    0.0013   14.3   0.0   170   207    99   136    84   139 0.80 -
TRINITY_DN453_c0_g1_i6:756-1553   -            266 3408at3041           -            367   0.00077   15.1   0.0   1   1   8.3e-06    0.0013   14.3   0.0   170   207    99   136    84   139 0.80 -
TRINITY_DN453_c0_g1_i7:1047-1844  -            266 3408at3041           -            367   0.00077   15.1   0.0   1   1   8.3e-06    0.0013   14.3   0.0   170   207    99   136    84   139 0.80 -
TRINITY_DN2097_c0_g1_i10:45-1013  -            323 3408at3041           -            367    0.0009   14.8   0.1   1   2   0.00016     0.025   10.1   0.0   165   203    49    88    41   167 0.77 -
TRINITY_DN2097_c0_g1_i10:45-1013  -            323 3408at3041           -            367    0.0009   14.8   0.1   2   2     0.031       4.6    2.6   0.0   280   322   258   301   249   308 0.78 -
#
# Program:         hmmsearch
# Version:         3.2.1 (June 2018)
# Pipeline mode:   SEARCH
# Query file:      /sw/bioinfo/BUSCO/v5_lineage_sets/lineages/chlorophyta_odb10/hmms/3408at3041.hmm
# Target file:     /crex/proj/snic2022-23-81/expression_algae/code/busco/trinity_VA-3180-Osg03Mul/run_chlorophyta_odb10/metaeuk_output/rerun_results/trinity_VA-3180-Osg03Mul.Trinity.fasta.modified.fas
# Option settings: hmmsearch --domtblout /crex/proj/snic2022-23-81/expression_algae/code/busco/trinity_VA-3180-Osg03Mul/run_chlorophyta_odb10/hmmer_output/rerun_results/3408at3041.out --cpu 1 /sw/bioinfo/BUSCO/v5_lineage_sets/lineages/chlorophyta_odb10/hmms/3408at3041.hmm /crex/proj/snic2022-23-81/expression_algae/code/busco/trinity_VA-3180-Osg03Mul/run_chlorophyta_odb10/metaeuk_output/rerun_results/trinity_VA-3180-Osg03Mul.Trinity.fasta.modified.fas 
# Current dir:     /crex/proj/snic2022-23-81/expression_algae/code/busco
# Date:            Fri Sep 23 10:13:05 2022
# [ok]
