#                                                                                         --- full sequence --- -------------- this domain -------------   hmm coord   ali coord   env coord
# target name                     accession   tlen query name           accession   qlen   E-value  score  bias   #  of  c-Evalue  i-Evalue  score  bias  from    to  from    to  from    to  acc description of target
#             ------------------- ---------- ----- -------------------- ---------- ----- --------- ------ ----- --- --- --------- --------- ------ ----- ----- ----- ----- ----- ----- ----- ---- ---------------------
TRINITY_DN273_c0_g2_i1:9-1193     -            395 251at3041            -            678  3.6e-126  418.8   4.1   1   2   2.8e-88   7.6e-86  285.6   1.6   128   311     1   208     1   220 0.93 -
TRINITY_DN273_c0_g2_i1:9-1193     -            395 251at3041            -            678  3.6e-126  418.8   4.1   2   2   3.9e-42   1.1e-39  133.0   0.0   309   409   267   390   263   393 0.88 -
TRINITY_DN273_c0_g2_i2:132-1001   -            290 251at3041            -            678  2.3e-123  409.6   1.7   1   1  1.1e-125    3e-123  409.2   1.7   131   377     1   279     1   282 0.93 -
TRINITY_DN10942_c0_g1_i3:162-2108 -            649 251at3041            -            678   8.6e-08   27.6   3.9   1   3   1.4e-06   0.00037   15.6   0.1     8   157    14   178     8   206 0.60 -
TRINITY_DN10942_c0_g1_i3:162-2108 -            649 251at3041            -            678   8.6e-08   27.6   3.9   2   3    0.0033      0.91    4.4   0.1    97   160   399   464   383   485 0.70 -
TRINITY_DN10942_c0_g1_i3:162-2108 -            649 251at3041            -            678   8.6e-08   27.6   3.9   3   3   0.00069      0.19    6.6   0.1   558   615   488   546   482   598 0.76 -
TRINITY_DN4738_c0_g1_i1:1-540     -            180 251at3041            -            678    0.0058   11.6   0.3   1   1   2.9e-05     0.008   11.2   0.3     4    63     8    68     5   146 0.82 -
TRINITY_DN1676_c0_g1_i1:78-1682   -            535 251at3041            -            678     0.014   10.4   0.0   1   2   0.00011     0.031    9.2   0.0   259   368   109   225   107   277 0.70 -
TRINITY_DN1676_c0_g1_i1:78-1682   -            535 251at3041            -            678     0.014   10.4   0.0   2   2       0.6   1.6e+02   -3.1   0.0   394   413   342   361   331   397 0.67 -
TRINITY_DN31550_c0_g1_i1:180-530  -            117 251at3041            -            678     0.014   10.4   0.0   1   1   5.6e-05     0.015   10.2   0.0    11    80    23    90    10   115 0.70 -
#
# Program:         hmmsearch
# Version:         3.2.1 (June 2018)
# Pipeline mode:   SEARCH
# Query file:      /sw/bioinfo/BUSCO/v5_lineage_sets/lineages/chlorophyta_odb10/hmms/251at3041.hmm
# Target file:     /crex/proj/snic2022-23-81/expression_algae/code/busco/trinity_VA-3180-Osg12Pal/run_chlorophyta_odb10/metaeuk_output/initial_results/trinity_VA-3180-Osg12Pal.Trinity.fasta.modified.fas
# Option settings: hmmsearch --domtblout /crex/proj/snic2022-23-81/expression_algae/code/busco/trinity_VA-3180-Osg12Pal/run_chlorophyta_odb10/hmmer_output/initial_run_results/251at3041.out --cpu 1 /sw/bioinfo/BUSCO/v5_lineage_sets/lineages/chlorophyta_odb10/hmms/251at3041.hmm /crex/proj/snic2022-23-81/expression_algae/code/busco/trinity_VA-3180-Osg12Pal/run_chlorophyta_odb10/metaeuk_output/initial_results/trinity_VA-3180-Osg12Pal.Trinity.fasta.modified.fas 
# Current dir:     /crex/proj/snic2022-23-81/expression_algae/code/busco
# Date:            Fri Sep 23 10:11:55 2022
# [ok]
