#                                                                                        --- full sequence --- -------------- this domain -------------   hmm coord   ali coord   env coord
# target name                    accession   tlen query name           accession   qlen   E-value  score  bias   #  of  c-Evalue  i-Evalue  score  bias  from    to  from    to  from    to  acc description of target
#            ------------------- ---------- ----- -------------------- ---------- ----- --------- ------ ----- --- --- --------- --------- ------ ----- ----- ----- ----- ----- ----- ----- ---- ---------------------
TRINITY_DN4710_c0_g2_i1:209-1306 -            366 2782at3041           -            367     2e-08   30.1   0.0   1   1   1.8e-10   2.9e-08   29.6   0.0   148   268   174   295   170   341 0.74 -
TRINITY_DN4600_c0_g1_i1:247-417  -             57 2782at3041           -            367   5.7e-07   25.3   0.1   1   1   3.7e-09   6.1e-07   25.2   0.1   145   200     1    57     1    57 0.87 -
TRINITY_DN26809_c0_g1_i1:30-215  -             62 2782at3041           -            367   2.8e-06   23.0   0.2   1   1   1.9e-08   3.1e-06   22.9   0.2   147   200     2    56     1    60 0.89 -
TRINITY_DN5331_c0_g1_i3:165-1538 -            458 2782at3041           -            367   0.00049   15.6   0.3   1   2       1.3   2.1e+02   -2.9   0.0   214   270   152   204   143   214 0.55 -
TRINITY_DN5331_c0_g1_i3:165-1538 -            458 2782at3041           -            367   0.00049   15.6   0.3   2   2   6.1e-06     0.001   14.6   0.2   139   179   290   331   264   359 0.76 -
TRINITY_DN18829_c0_g1_i1:2-415   -            138 2782at3041           -            367   0.00061   15.3   0.7   1   1   1.1e-05    0.0017   13.8   0.7   145   267     3   128     1   134 0.67 -
TRINITY_DN5331_c0_g1_i2:165-1937 -            591 2782at3041           -            367   0.00071   15.1   0.4   1   2       2.1   3.4e+02   -3.6   0.0   251   269   185   203   146   211 0.53 -
TRINITY_DN5331_c0_g1_i2:165-1937 -            591 2782at3041           -            367   0.00071   15.1   0.4   2   2     9e-06    0.0015   14.1   0.1   139   179   290   331   270   358 0.75 -
TRINITY_DN1845_c0_g1_i1:201-746  -            182 2782at3041           -            367    0.0024   13.4   0.1   1   1   2.5e-05    0.0041   12.6   0.1   134   172    15    53     4    69 0.83 -
TRINITY_DN23566_c0_g1_i1:33-200  -             56 2782at3041           -            367    0.0048   12.4   0.0   1   1   2.9e-05    0.0048   12.4   0.0   145   169     1    25     1    43 0.81 -
TRINITY_DN28729_c0_g1_i1:0-269   -             90 2782at3041           -            367    0.0055   12.2   0.0   1   1   3.8e-05    0.0062   12.0   0.0   214   276    20    81     9    88 0.85 -
TRINITY_DN11934_c0_g1_i1:79-465  -            129 2782at3041           -            367     0.015   10.8   0.1   1   1   0.00043     0.071    8.5   0.1   147   265    21   128    15   129 0.66 -
#
# Program:         hmmsearch
# Version:         3.2.1 (June 2018)
# Pipeline mode:   SEARCH
# Query file:      /sw/bioinfo/BUSCO/v5_lineage_sets/lineages/chlorophyta_odb10/hmms/2782at3041.hmm
# Target file:     /crex/proj/snic2022-23-81/expression_algae/code/busco/trinity_VA-3180-Osg12Pal/run_chlorophyta_odb10/metaeuk_output/initial_results/trinity_VA-3180-Osg12Pal.Trinity.fasta.modified.fas
# Option settings: hmmsearch --domtblout /crex/proj/snic2022-23-81/expression_algae/code/busco/trinity_VA-3180-Osg12Pal/run_chlorophyta_odb10/hmmer_output/initial_run_results/2782at3041.out --cpu 1 /sw/bioinfo/BUSCO/v5_lineage_sets/lineages/chlorophyta_odb10/hmms/2782at3041.hmm /crex/proj/snic2022-23-81/expression_algae/code/busco/trinity_VA-3180-Osg12Pal/run_chlorophyta_odb10/metaeuk_output/initial_results/trinity_VA-3180-Osg12Pal.Trinity.fasta.modified.fas 
# Current dir:     /crex/proj/snic2022-23-81/expression_algae/code/busco
# Date:            Fri Sep 23 10:11:57 2022
# [ok]
