#                                                                                        --- full sequence --- -------------- this domain -------------   hmm coord   ali coord   env coord
# target name                    accession   tlen query name           accession   qlen   E-value  score  bias   #  of  c-Evalue  i-Evalue  score  bias  from    to  from    to  from    to  acc description of target
#            ------------------- ---------- ----- -------------------- ---------- ----- --------- ------ ----- --- --- --------- --------- ------ ----- ----- ----- ----- ----- ----- ----- ---- ---------------------
TRINITY_DN23566_c0_g1_i1:33-200  -             56 3408at3041           -            367   2.1e-32  109.2   1.2   1   1   1.6e-34   2.2e-32  109.1   1.2   175   230     1    56     1    56 0.99 -
TRINITY_DN18829_c0_g1_i1:2-415   -            138 3408at3041           -            367   2.3e-30  102.5   6.2   1   1   1.9e-32   2.6e-30  102.3   6.2   173   269     1   105     1   127 0.87 -
TRINITY_DN4600_c0_g1_i1:247-417  -             57 3408at3041           -            367   6.3e-10   35.2   0.0   1   1   4.9e-12   6.6e-10   35.1   0.0   175   230     1    56     1    57 0.96 -
TRINITY_DN26809_c0_g1_i1:30-215  -             62 3408at3041           -            367     1e-09   34.5   0.2   1   1   7.9e-12   1.1e-09   34.4   0.2   176   230     1    55     1    60 0.95 -
TRINITY_DN5331_c0_g1_i3:165-1538 -            458 3408at3041           -            367   8.1e-09   31.5   0.6   1   1     1e-10   1.4e-08   30.7   0.6   160   230   281   348   275   361 0.87 -
TRINITY_DN5331_c0_g1_i2:165-1937 -            591 3408at3041           -            367   1.1e-08   31.1   0.6   1   1   1.5e-10   2.1e-08   30.2   0.6   160   230   281   348   275   360 0.87 -
TRINITY_DN4710_c0_g2_i1:209-1306 -            366 3408at3041           -            367     3e-06   23.1   0.0   1   1   3.4e-08   4.6e-06   22.5   0.0   174   266   170   265   149   281 0.78 -
TRINITY_DN12291_c0_g1_i1:130-678 -            183 3408at3041           -            367   0.00042   16.0   0.0   1   1   3.9e-06   0.00054   15.7   0.0   171   316     7   148     2   171 0.78 -
TRINITY_DN12291_c0_g1_i3:130-747 -            206 3408at3041           -            367   0.00059   15.5   0.0   1   1   5.7e-06   0.00078   15.1   0.0   171   316     7   148     2   172 0.77 -
TRINITY_DN417_c0_g1_i11:749-2302 -            518 3408at3041           -            367    0.0017   14.0   0.0   1   1   2.5e-05    0.0034   13.0   0.0   170   207    49    86    34    89 0.80 -
TRINITY_DN417_c0_g1_i6:1277-3436 -            720 3408at3041           -            367    0.0024   13.5   0.0   1   1   3.7e-05    0.0051   12.5   0.0   170   207   317   354   302   357 0.80 -
TRINITY_DN417_c0_g1_i5:749-3106  -            786 3408at3041           -            367    0.0027   13.4   0.0   1   1   4.1e-05    0.0056   12.3   0.0   170   207   317   354   302   357 0.80 -
#
# Program:         hmmsearch
# Version:         3.2.1 (June 2018)
# Pipeline mode:   SEARCH
# Query file:      /sw/bioinfo/BUSCO/v5_lineage_sets/lineages/chlorophyta_odb10/hmms/3408at3041.hmm
# Target file:     /crex/proj/snic2022-23-81/expression_algae/code/busco/trinity_VA-3180-Osg12Pal/run_chlorophyta_odb10/metaeuk_output/initial_results/trinity_VA-3180-Osg12Pal.Trinity.fasta.modified.fas
# Option settings: hmmsearch --domtblout /crex/proj/snic2022-23-81/expression_algae/code/busco/trinity_VA-3180-Osg12Pal/run_chlorophyta_odb10/hmmer_output/initial_run_results/3408at3041.out --cpu 1 /sw/bioinfo/BUSCO/v5_lineage_sets/lineages/chlorophyta_odb10/hmms/3408at3041.hmm /crex/proj/snic2022-23-81/expression_algae/code/busco/trinity_VA-3180-Osg12Pal/run_chlorophyta_odb10/metaeuk_output/initial_results/trinity_VA-3180-Osg12Pal.Trinity.fasta.modified.fas 
# Current dir:     /crex/proj/snic2022-23-81/expression_algae/code/busco
# Date:            Fri Sep 23 10:11:56 2022
# [ok]
