#                                                                                       --- full sequence --- -------------- this domain -------------   hmm coord   ali coord   env coord
# target name                   accession   tlen query name           accession   qlen   E-value  score  bias   #  of  c-Evalue  i-Evalue  score  bias  from    to  from    to  from    to  acc description of target
#           ------------------- ---------- ----- -------------------- ---------- ----- --------- ------ ----- --- --- --------- --------- ------ ----- ----- ----- ----- ----- ----- ----- ---- ---------------------
TRINITY_DN22614_c0_g1_i1:56-538 -            161 8373at3041           -             98   3.8e-39  129.5   0.2   1   1   1.3e-41   5.1e-39  129.1   0.2    10    92    65   147    57   155 0.93 -
TRINITY_DN1556_c0_g1_i2:316-663 -            116 8373at3041           -             98     2e-11   40.7  11.0   1   4      0.18        73    0.3   0.1    73    87     1    15     1    19 0.87 -
TRINITY_DN1556_c0_g1_i2:316-663 -            116 8373at3041           -             98     2e-11   40.7  11.0   2   4   1.2e-05    0.0048   13.8   0.4    54    91    15    52    10    53 0.89 -
TRINITY_DN1556_c0_g1_i2:316-663 -            116 8373at3041           -             98     2e-11   40.7  11.0   3   4   3.2e-07   0.00013   18.8   0.9    48    91    42    85    37    86 0.89 -
TRINITY_DN1556_c0_g1_i2:316-663 -            116 8373at3041           -             98     2e-11   40.7  11.0   4   4   3.1e-08   1.3e-05   22.0   0.4    50    87    77   114    75   116 0.93 -
TRINITY_DN1556_c0_g1_i6:148-465 -            106 8373at3041           -             98   2.2e-07   27.7   7.1   1   3   8.9e-06    0.0036   14.2   0.4    57    92     8    43     4    52 0.89 -
TRINITY_DN1556_c0_g1_i6:148-465 -            106 8373at3041           -             98   2.2e-07   27.7   7.1   2   3      0.16        66    0.5   0.1    66    82    49    66    40    80 0.57 -
TRINITY_DN1556_c0_g1_i6:148-465 -            106 8373at3041           -             98   2.2e-07   27.7   7.1   3   3   1.6e-06   0.00065   16.5   1.3    53    88    70   105    54   106 0.85 -
TRINITY_DN7328_c0_g1_i1:3-287   -             95 8373at3041           -             98   6.6e-05   19.7   0.7   1   3   0.00035      0.14    9.0   0.0    68    89     1    22     1    27 0.90 -
TRINITY_DN7328_c0_g1_i1:3-287   -             95 8373at3041           -             98   6.6e-05   19.7   0.7   2   3   0.00062      0.25    8.2   0.1    57    90    23    56    20    59 0.88 -
TRINITY_DN7328_c0_g1_i1:3-287   -             95 8373at3041           -             98   6.6e-05   19.7   0.7   3   3     0.044        18    2.3   0.0    57    87    56    86    52    92 0.80 -
#
# Program:         hmmsearch
# Version:         3.2.1 (June 2018)
# Pipeline mode:   SEARCH
# Query file:      /sw/bioinfo/BUSCO/v5_lineage_sets/lineages/chlorophyta_odb10/hmms/8373at3041.hmm
# Target file:     /crex/proj/snic2022-23-81/expression_algae/code/busco/trinity_VA-3180-Osg12Pal/run_chlorophyta_odb10/metaeuk_output/initial_results/trinity_VA-3180-Osg12Pal.Trinity.fasta.modified.fas
# Option settings: hmmsearch --domtblout /crex/proj/snic2022-23-81/expression_algae/code/busco/trinity_VA-3180-Osg12Pal/run_chlorophyta_odb10/hmmer_output/initial_run_results/8373at3041.out --cpu 1 /sw/bioinfo/BUSCO/v5_lineage_sets/lineages/chlorophyta_odb10/hmms/8373at3041.hmm /crex/proj/snic2022-23-81/expression_algae/code/busco/trinity_VA-3180-Osg12Pal/run_chlorophyta_odb10/metaeuk_output/initial_results/trinity_VA-3180-Osg12Pal.Trinity.fasta.modified.fas 
# Current dir:     /crex/proj/snic2022-23-81/expression_algae/code/busco
# Date:            Fri Sep 23 10:11:59 2022
# [ok]
