#                                                                                        --- full sequence --- -------------- this domain -------------   hmm coord   ali coord   env coord
# target name                    accession   tlen query name           accession   qlen   E-value  score  bias   #  of  c-Evalue  i-Evalue  score  bias  from    to  from    to  from    to  acc description of target
#            ------------------- ---------- ----- -------------------- ---------- ----- --------- ------ ----- --- --- --------- --------- ------ ----- ----- ----- ----- ----- ----- ----- ---- ---------------------
TRINITY_DN3466_c0_g1_i3:59-1468  -            470 1005at3041           -            446  2.6e-132  439.4   4.7   1   1  9.9e-132  3.2e-129  429.2   4.7    68   349   114   462   110   464 0.88 -
TRINITY_DN3466_c0_g1_i1:167-502  -            112 1005at3041           -            446   4.1e-20   69.6   2.7   1   1   2.9e-19   9.4e-17   58.5   2.7   250   327     1   111     1   112 0.82 -
TRINITY_DN8478_c0_g2_i10:0-1559  -            340 1005at3041           -            446   4.1e-05   20.2   0.0   1   1   1.7e-07   5.4e-05   19.8   0.0   195   263   222   294   210   327 0.81 -
TRINITY_DN8478_c0_g2_i7:143-1162 -            340 1005at3041           -            446   4.1e-05   20.2   0.0   1   1   1.7e-07   5.4e-05   19.8   0.0   195   263   222   294   210   327 0.81 -
TRINITY_DN8478_c0_g2_i6:57-3087  -            843 1005at3041           -            446   0.00013   18.5   0.0   1   1   6.8e-07   0.00022   17.8   0.0   195   263   427   499   420   531 0.80 -
TRINITY_DN8478_c0_g2_i8:206-3962 -           1085 1005at3041           -            446   0.00018   18.1   0.0   1   1   9.3e-07    0.0003   17.3   0.0   195   263   669   741   663   773 0.80 -
TRINITY_DN8478_c0_g2_i4:206-3472 -           1089 1005at3041           -            446   0.00018   18.1   0.0   1   1   9.4e-07   0.00031   17.3   0.0   195   263   673   745   667   777 0.80 -
TRINITY_DN388_c0_g1_i7:221-1967  -            400 1005at3041           -            446   0.00027   17.5   0.0   1   1   1.1e-06   0.00037   17.0   0.0    77   163   271   356   238   361 0.79 -
TRINITY_DN388_c0_g1_i1:450-2820  -            745 1005at3041           -            446   0.00066   16.2   0.0   1   1     3e-06   0.00098   15.6   0.0    77   163   271   356   238   361 0.79 -
TRINITY_DN388_c0_g1_i3:450-3037  -            745 1005at3041           -            446   0.00066   16.2   0.0   1   1     3e-06   0.00098   15.6   0.0    77   163   271   356   238   361 0.79 -
TRINITY_DN388_c0_g1_i11:450-3345 -            745 1005at3041           -            446   0.00066   16.2   0.0   1   1     3e-06   0.00098   15.6   0.0    77   163   271   356   238   361 0.79 -
#
# Program:         hmmsearch
# Version:         3.2.1 (June 2018)
# Pipeline mode:   SEARCH
# Query file:      /sw/bioinfo/BUSCO/v5_lineage_sets/lineages/chlorophyta_odb10/hmms/1005at3041.hmm
# Target file:     /crex/proj/snic2022-23-81/expression_algae/code/busco/trinity_VA-3180-Osg11Mul/run_chlorophyta_odb10/metaeuk_output/initial_results/trinity_VA-3180-Osg11Mul.Trinity.fasta.modified.fas
# Option settings: hmmsearch --domtblout /crex/proj/snic2022-23-81/expression_algae/code/busco/trinity_VA-3180-Osg11Mul/run_chlorophyta_odb10/hmmer_output/initial_run_results/1005at3041.out --cpu 1 /sw/bioinfo/BUSCO/v5_lineage_sets/lineages/chlorophyta_odb10/hmms/1005at3041.hmm /crex/proj/snic2022-23-81/expression_algae/code/busco/trinity_VA-3180-Osg11Mul/run_chlorophyta_odb10/metaeuk_output/initial_results/trinity_VA-3180-Osg11Mul.Trinity.fasta.modified.fas 
# Current dir:     /crex/proj/snic2022-23-81/expression_algae/code/busco
# Date:            Fri Sep 23 10:12:15 2022
# [ok]
