#                                                                                        --- full sequence --- -------------- this domain -------------   hmm coord   ali coord   env coord
# target name                    accession   tlen query name           accession   qlen   E-value  score  bias   #  of  c-Evalue  i-Evalue  score  bias  from    to  from    to  from    to  acc description of target
#            ------------------- ---------- ----- -------------------- ---------- ----- --------- ------ ----- --- --- --------- --------- ------ ----- ----- ----- ----- ----- ----- ----- ---- ---------------------
TRINITY_DN31067_c0_g1_i1:6-284   -             93 11669at3041          -             84   5.1e-41  136.5   0.0   1   1   1.4e-43   6.1e-41  136.3   0.0     1    84     3    91     3    91 0.96 -
TRINITY_DN26627_c0_g1_i1:207-416 -             70 11669at3041          -             84     2e-08   32.0   0.2   1   1     7e-11   3.1e-08   31.4   0.2     2    62     5    62     4    67 0.86 -
TRINITY_DN40479_c0_g1_i1:91-306  -             72 11669at3041          -             84   1.5e-06   26.1   0.0   1   1   3.8e-09   1.7e-06   25.9   0.0     3    37    10    44     8    70 0.92 -
TRINITY_DN1056_c0_g1_i1:30-341   -            104 11669at3041          -             84   3.1e-05   21.8   0.1   1   1   2.4e-07   0.00011   20.1   0.1     2    38    15    51    14    90 0.75 -
TRINITY_DN1056_c0_g1_i7:30-341   -            104 11669at3041          -             84   3.1e-05   21.8   0.1   1   1   2.4e-07   0.00011   20.1   0.1     2    38    15    51    14    90 0.75 -
TRINITY_DN26412_c0_g1_i1:35-271  -             79 11669at3041          -             84   0.00054   17.9   0.1   1   2   0.00029      0.13   10.2   0.1     4    37    10    43     7    50 0.86 -
TRINITY_DN26412_c0_g1_i1:35-271  -             79 11669at3041          -             84   0.00054   17.9   0.1   2   2    0.0052       2.3    6.2   0.0    31    59    50    78    45    79 0.88 -
TRINITY_DN5442_c0_g1_i1:0-335    -            112 11669at3041          -             84   0.00061   17.7   0.0   1   2   1.4e-05    0.0063   14.4   0.0     2    37    12    47    11    51 0.87 -
TRINITY_DN5442_c0_g1_i1:0-335    -            112 11669at3041          -             84   0.00061   17.7   0.0   2   2      0.19        85    1.2   0.0    43    58    64    79    59    85 0.86 -
TRINITY_DN41843_c0_g1_i1:154-420 -             89 11669at3041          -             84    0.0021   16.0   0.0   1   1   6.1e-06    0.0027   15.6   0.0    14    61    37    85    25    88 0.74 -
#
# Program:         hmmsearch
# Version:         3.2.1 (June 2018)
# Pipeline mode:   SEARCH
# Query file:      /sw/bioinfo/BUSCO/v5_lineage_sets/lineages/chlorophyta_odb10/hmms/11669at3041.hmm
# Target file:     /crex/proj/snic2022-23-81/expression_algae/code/busco/trinity_VA-3180-Osg11Mul/run_chlorophyta_odb10/metaeuk_output/initial_results/trinity_VA-3180-Osg11Mul.Trinity.fasta.modified.fas
# Option settings: hmmsearch --domtblout /crex/proj/snic2022-23-81/expression_algae/code/busco/trinity_VA-3180-Osg11Mul/run_chlorophyta_odb10/hmmer_output/initial_run_results/11669at3041.out --cpu 1 /sw/bioinfo/BUSCO/v5_lineage_sets/lineages/chlorophyta_odb10/hmms/11669at3041.hmm /crex/proj/snic2022-23-81/expression_algae/code/busco/trinity_VA-3180-Osg11Mul/run_chlorophyta_odb10/metaeuk_output/initial_results/trinity_VA-3180-Osg11Mul.Trinity.fasta.modified.fas 
# Current dir:     /crex/proj/snic2022-23-81/expression_algae/code/busco
# Date:            Fri Sep 23 10:12:16 2022
# [ok]
