#                                                                                         --- full sequence --- -------------- this domain -------------   hmm coord   ali coord   env coord
# target name                     accession   tlen query name           accession   qlen   E-value  score  bias   #  of  c-Evalue  i-Evalue  score  bias  from    to  from    to  from    to  acc description of target
#             ------------------- ---------- ----- -------------------- ---------- ----- --------- ------ ----- --- --- --------- --------- ------ ----- ----- ----- ----- ----- ----- ----- ---- ---------------------
TRINITY_DN9152_c0_g1_i1:981-2249  -            423 1576at3041           -            338  6.3e-204  674.1   0.0   1   1  1.6e-206  8.3e-204  673.7   0.0     1   338    62   423    62   423 0.97 -
TRINITY_DN9152_c0_g1_i5:1039-2307 -            423 1576at3041           -            338  6.3e-204  674.1   0.0   1   1  1.6e-206  8.3e-204  673.7   0.0     1   338    62   423    62   423 0.97 -
TRINITY_DN821_c0_g1_i2:1828-2973  -            382 1576at3041           -            338   1.2e-28   97.9   0.2   1   1   3.1e-31   1.6e-28   97.4   0.2    37   328    29   339    13   348 0.81 -
TRINITY_DN821_c0_g1_i1:1828-3192  -            384 1576at3041           -            338   6.7e-27   92.1   0.2   1   1   1.8e-29     9e-27   91.7   0.2    37   328    29   341    13   350 0.81 -
TRINITY_DN26633_c0_g1_i1:277-1002 -            242 1576at3041           -            338   1.7e-06   25.0   0.3   1   2   3.1e-07   0.00016   18.5   0.1    82   226    56   195     5   213 0.77 -
TRINITY_DN26633_c0_g1_i1:277-1002 -            242 1576at3041           -            338   1.7e-06   25.0   0.3   2   2    0.0036       1.9    5.1   0.0   312   336   217   241   203   242 0.84 -
TRINITY_DN5852_c0_g1_i1:30-884    -            285 1576at3041           -            338   0.00033   17.5   0.3   1   2   2.3e-05     0.012   12.4   0.3    85   230   106   245    42   250 0.82 -
TRINITY_DN5852_c0_g1_i1:30-884    -            285 1576at3041           -            338   0.00033   17.5   0.3   2   2     0.014       7.1    3.2   0.0   311   334   262   285   254   285 0.85 -
TRINITY_DN5852_c0_g1_i2:30-884    -            285 1576at3041           -            338   0.00033   17.5   0.3   1   2   2.3e-05     0.012   12.4   0.3    85   230   106   245    42   250 0.82 -
TRINITY_DN5852_c0_g1_i2:30-884    -            285 1576at3041           -            338   0.00033   17.5   0.3   2   2     0.014       7.1    3.2   0.0   311   334   262   285   254   285 0.85 -
#
# Program:         hmmsearch
# Version:         3.2.1 (June 2018)
# Pipeline mode:   SEARCH
# Query file:      /sw/bioinfo/BUSCO/v5_lineage_sets/lineages/chlorophyta_odb10/hmms/1576at3041.hmm
# Target file:     /crex/proj/snic2022-23-81/expression_algae/code/busco/trinity_VA-3180-Osg11Mul/run_chlorophyta_odb10/metaeuk_output/initial_results/trinity_VA-3180-Osg11Mul.Trinity.fasta.modified.fas
# Option settings: hmmsearch --domtblout /crex/proj/snic2022-23-81/expression_algae/code/busco/trinity_VA-3180-Osg11Mul/run_chlorophyta_odb10/hmmer_output/initial_run_results/1576at3041.out --cpu 1 /sw/bioinfo/BUSCO/v5_lineage_sets/lineages/chlorophyta_odb10/hmms/1576at3041.hmm /crex/proj/snic2022-23-81/expression_algae/code/busco/trinity_VA-3180-Osg11Mul/run_chlorophyta_odb10/metaeuk_output/initial_results/trinity_VA-3180-Osg11Mul.Trinity.fasta.modified.fas 
# Current dir:     /crex/proj/snic2022-23-81/expression_algae/code/busco
# Date:            Fri Sep 23 10:12:18 2022
# [ok]
