#                                                                                         --- full sequence --- -------------- this domain -------------   hmm coord   ali coord   env coord
# target name                     accession   tlen query name           accession   qlen   E-value  score  bias   #  of  c-Evalue  i-Evalue  score  bias  from    to  from    to  from    to  acc description of target
#             ------------------- ---------- ----- -------------------- ---------- ----- --------- ------ ----- --- --- --------- --------- ------ ----- ----- ----- ----- ----- ----- ----- ---- ---------------------
TRINITY_DN35113_c0_g1_i1:145-1173 -            343 3121at3041           -            252  3.1e-123  407.9   1.4   1   2   2.3e-84   1.4e-81  271.5   0.1     1   145    30   179    30   192 0.95 -
TRINITY_DN35113_c0_g1_i1:145-1173 -            343 3121at3041           -            252  3.1e-123  407.9   1.4   2   2   6.4e-43   3.8e-40  135.7   0.2   145   252   207   343   201   343 0.86 -
TRINITY_DN14028_c0_g1_i1:34-522   -            163 3121at3041           -            252   6.3e-09   33.4   0.0   1   2   2.6e-11   1.6e-08   32.1   0.0    43   141     2   113     1   126 0.76 -
TRINITY_DN14028_c0_g1_i1:34-522   -            163 3121at3041           -            252   6.3e-09   33.4   0.0   2   2       0.8   4.8e+02   -2.3   0.0    36    55   140   159   134   161 0.75 -
TRINITY_DN5740_c0_g1_i1:803-1882  -            360 3121at3041           -            252   1.5e-08   32.2   0.1   1   1     4e-11   2.4e-08   31.5   0.1     2   136    14   154    13   174 0.80 -
TRINITY_DN734_c1_g1_i4:119-958    -            280 3121at3041           -            252   0.00044   17.5   0.0   1   2     0.036        22    2.1   0.1     3    75    30   108    28   122 0.76 -
TRINITY_DN734_c1_g1_i4:119-958    -            280 3121at3041           -            252   0.00044   17.5   0.0   2   2   2.3e-05     0.014   12.6   0.0    78   138   141   213   120   232 0.75 -
TRINITY_DN734_c1_g1_i5:119-958    -            280 3121at3041           -            252   0.00044   17.5   0.0   1   2     0.036        22    2.1   0.1     3    75    30   108    28   122 0.76 -
TRINITY_DN734_c1_g1_i5:119-958    -            280 3121at3041           -            252   0.00044   17.5   0.0   2   2   2.3e-05     0.014   12.6   0.0    78   138   141   213   120   232 0.75 -
TRINITY_DN734_c1_g1_i9:119-958    -            280 3121at3041           -            252   0.00044   17.5   0.0   1   2     0.036        22    2.1   0.1     3    75    30   108    28   122 0.76 -
TRINITY_DN734_c1_g1_i9:119-958    -            280 3121at3041           -            252   0.00044   17.5   0.0   2   2   2.3e-05     0.014   12.6   0.0    78   138   141   213   120   232 0.75 -
#
# Program:         hmmsearch
# Version:         3.2.1 (June 2018)
# Pipeline mode:   SEARCH
# Query file:      /sw/bioinfo/BUSCO/v5_lineage_sets/lineages/chlorophyta_odb10/hmms/3121at3041.hmm
# Target file:     /crex/proj/snic2022-23-81/expression_algae/code/busco/trinity_VA-3180-Osg11Mul/run_chlorophyta_odb10/metaeuk_output/initial_results/trinity_VA-3180-Osg11Mul.Trinity.fasta.modified.fas
# Option settings: hmmsearch --domtblout /crex/proj/snic2022-23-81/expression_algae/code/busco/trinity_VA-3180-Osg11Mul/run_chlorophyta_odb10/hmmer_output/initial_run_results/3121at3041.out --cpu 1 /sw/bioinfo/BUSCO/v5_lineage_sets/lineages/chlorophyta_odb10/hmms/3121at3041.hmm /crex/proj/snic2022-23-81/expression_algae/code/busco/trinity_VA-3180-Osg11Mul/run_chlorophyta_odb10/metaeuk_output/initial_results/trinity_VA-3180-Osg11Mul.Trinity.fasta.modified.fas 
# Current dir:     /crex/proj/snic2022-23-81/expression_algae/code/busco
# Date:            Fri Sep 23 10:12:19 2022
# [ok]
