#                                                                                        --- full sequence --- -------------- this domain -------------   hmm coord   ali coord   env coord
# target name                    accession   tlen query name           accession   qlen   E-value  score  bias   #  of  c-Evalue  i-Evalue  score  bias  from    to  from    to  from    to  acc description of target
#            ------------------- ---------- ----- -------------------- ---------- ----- --------- ------ ----- --- --- --------- --------- ------ ----- ----- ----- ----- ----- ----- ----- ---- ---------------------
TRINITY_DN3243_c0_g2_i1:516-1355 -            280 5213at3041           -            226   1.9e-97  322.8   2.0   1   2   3.3e-80   2.3e-77  257.1   0.0    10   187    33   221    13   225 0.91 -
TRINITY_DN3243_c0_g2_i1:516-1355 -            280 5213at3041           -            226   1.9e-97  322.8   2.0   2   2   1.6e-21   1.1e-18   65.1   0.7   185   226   239   280   233   280 0.95 -
TRINITY_DN505_c0_g1_i1:1401-1829 -            143 5213at3041           -            226     0.011   12.8   0.3   1   2   0.00019      0.14    9.2   0.0   147   187    24    64    10    74 0.82 -
TRINITY_DN505_c0_g1_i1:1401-1829 -            143 5213at3041           -            226     0.011   12.8   0.3   2   2     0.034        25    1.9   0.1   148   188    97   136    81   142 0.71 -
TRINITY_DN505_c0_g1_i4:1111-1539 -            143 5213at3041           -            226     0.011   12.8   0.3   1   2   0.00019      0.14    9.2   0.0   147   187    24    64    10    74 0.82 -
TRINITY_DN505_c0_g1_i4:1111-1539 -            143 5213at3041           -            226     0.011   12.8   0.3   2   2     0.034        25    1.9   0.1   148   188    97   136    81   142 0.71 -
TRINITY_DN505_c0_g1_i5:1414-1842 -            143 5213at3041           -            226     0.011   12.8   0.3   1   2   0.00019      0.14    9.2   0.0   147   187    24    64    10    74 0.82 -
TRINITY_DN505_c0_g1_i5:1414-1842 -            143 5213at3041           -            226     0.011   12.8   0.3   2   2     0.034        25    1.9   0.1   148   188    97   136    81   142 0.71 -
TRINITY_DN505_c0_g1_i7:1044-1472 -            143 5213at3041           -            226     0.011   12.8   0.3   1   2   0.00019      0.14    9.2   0.0   147   187    24    64    10    74 0.82 -
TRINITY_DN505_c0_g1_i7:1044-1472 -            143 5213at3041           -            226     0.011   12.8   0.3   2   2     0.034        25    1.9   0.1   148   188    97   136    81   142 0.71 -
#
# Program:         hmmsearch
# Version:         3.2.1 (June 2018)
# Pipeline mode:   SEARCH
# Query file:      /sw/bioinfo/BUSCO/v5_lineage_sets/lineages/chlorophyta_odb10/hmms/5213at3041.hmm
# Target file:     /crex/proj/snic2022-23-81/expression_algae/code/busco/trinity_VA-3180-Osg11Mul/run_chlorophyta_odb10/metaeuk_output/initial_results/trinity_VA-3180-Osg11Mul.Trinity.fasta.modified.fas
# Option settings: hmmsearch --domtblout /crex/proj/snic2022-23-81/expression_algae/code/busco/trinity_VA-3180-Osg11Mul/run_chlorophyta_odb10/hmmer_output/initial_run_results/5213at3041.out --cpu 1 /sw/bioinfo/BUSCO/v5_lineage_sets/lineages/chlorophyta_odb10/hmms/5213at3041.hmm /crex/proj/snic2022-23-81/expression_algae/code/busco/trinity_VA-3180-Osg11Mul/run_chlorophyta_odb10/metaeuk_output/initial_results/trinity_VA-3180-Osg11Mul.Trinity.fasta.modified.fas 
# Current dir:     /crex/proj/snic2022-23-81/expression_algae/code/busco
# Date:            Fri Sep 23 10:12:24 2022
# [ok]
