#                                                                                          --- full sequence --- -------------- this domain -------------   hmm coord   ali coord   env coord
# target name                      accession   tlen query name           accession   qlen   E-value  score  bias   #  of  c-Evalue  i-Evalue  score  bias  from    to  from    to  from    to  acc description of target
#              ------------------- ---------- ----- -------------------- ---------- ----- --------- ------ ----- --- --- --------- --------- ------ ----- ----- ----- ----- ----- ----- ----- ---- ---------------------
TRINITY_DN1466_c0_g1_i2:146-709    -            188 5702at3041           -            149   1.3e-69  230.5   5.6   1   2   1.9e-66   7.6e-64  211.8   3.2     1   131     7   152     7   158 0.93 -
TRINITY_DN1466_c0_g1_i2:146-709    -            188 5702at3041           -            149   1.3e-69  230.5   5.6   2   2   1.1e-06   0.00045   17.8   0.0   118   149   157   188   154   188 0.91 -
TRINITY_DN1466_c0_g1_i6:146-845    -            188 5702at3041           -            149   4.3e-69  228.8   5.0   1   2   6.6e-66   2.6e-63  210.0   2.6     1   131     7   152     7   158 0.93 -
TRINITY_DN1466_c0_g1_i6:146-845    -            188 5702at3041           -            149   4.3e-69  228.8   5.0   2   2   1.1e-06   0.00045   17.8   0.0   118   149   157   188   154   188 0.91 -
TRINITY_DN1466_c0_g1_i4:146-697    -            184 5702at3041           -            149   1.7e-68  226.9   6.6   1   1   6.8e-69   2.7e-66  219.7   6.6     1   149     7   184     7   184 0.91 -
TRINITY_DN1466_c0_g1_i5:146-559    -            138 5702at3041           -            149   2.1e-55  184.4   3.2   1   1   2.4e-57   9.6e-55  182.2   3.2     1   115     7   136     7   138 0.92 -
TRINITY_DN6059_c0_g3_i1:269-673    -            135 5702at3041           -            149   2.9e-06   24.9   2.5   1   1   1.1e-08   4.4e-06   24.3   2.5    34   123    39   132     1   134 0.67 -
TRINITY_DN3399_c0_g1_i2:121-549    -            143 5702at3041           -            149     4e-06   24.5   0.2   1   1   1.2e-08   4.9e-06   24.2   0.2    29   128    35   136     1   140 0.77 -
TRINITY_DN3399_c0_g1_i1:44-340     -             99 5702at3041           -            149   1.1e-05   23.0   0.1   1   1   3.2e-08   1.3e-05   22.8   0.1    48   128    10    92     3    96 0.85 -
TRINITY_DN14638_c0_g1_i1:1838-2305 -            156 5702at3041           -            149     0.048   11.2   2.1   1   1    0.0002      0.08   10.5   2.1    48   123    54   131     1   139 0.66 -
TRINITY_DN14638_c0_g1_i2:1820-2287 -            156 5702at3041           -            149     0.048   11.2   2.1   1   1    0.0002      0.08   10.5   2.1    48   123    54   131     1   139 0.66 -
#
# Program:         hmmsearch
# Version:         3.2.1 (June 2018)
# Pipeline mode:   SEARCH
# Query file:      /sw/bioinfo/BUSCO/v5_lineage_sets/lineages/chlorophyta_odb10/hmms/5702at3041.hmm
# Target file:     /crex/proj/snic2022-23-81/expression_algae/code/busco/trinity_VA-3180-Osg11Mul/run_chlorophyta_odb10/metaeuk_output/initial_results/trinity_VA-3180-Osg11Mul.Trinity.fasta.modified.fas
# Option settings: hmmsearch --domtblout /crex/proj/snic2022-23-81/expression_algae/code/busco/trinity_VA-3180-Osg11Mul/run_chlorophyta_odb10/hmmer_output/initial_run_results/5702at3041.out --cpu 1 /sw/bioinfo/BUSCO/v5_lineage_sets/lineages/chlorophyta_odb10/hmms/5702at3041.hmm /crex/proj/snic2022-23-81/expression_algae/code/busco/trinity_VA-3180-Osg11Mul/run_chlorophyta_odb10/metaeuk_output/initial_results/trinity_VA-3180-Osg11Mul.Trinity.fasta.modified.fas 
# Current dir:     /crex/proj/snic2022-23-81/expression_algae/code/busco
# Date:            Fri Sep 23 10:12:22 2022
# [ok]
