#                                                                                        --- full sequence --- -------------- this domain -------------   hmm coord   ali coord   env coord
# target name                    accession   tlen query name           accession   qlen   E-value  score  bias   #  of  c-Evalue  i-Evalue  score  bias  from    to  from    to  from    to  acc description of target
#            ------------------- ---------- ----- -------------------- ---------- ----- --------- ------ ----- --- --- --------- --------- ------ ----- ----- ----- ----- ----- ----- ----- ---- ---------------------
TRINITY_DN18210_c0_g1_i1:73-579  -            169 8074at3041           -            134     6e-64  211.5   7.6   1   1   1.6e-66   8.1e-64  211.1   7.6    11   133    47   169    38   169 0.98 -
TRINITY_DN19096_c0_g1_i1:139-456 -            106 8074at3041           -            134   6.6e-21   72.2   2.0   1   1   1.4e-23   7.4e-21   72.0   2.0    32   132     9   106     2   106 0.90 -
TRINITY_DN37162_c0_g1_i1:1-177   -             59 8074at3041           -            134     9e-10   36.2   0.0   1   1   1.8e-12   9.4e-10   36.1   0.0    74   132     2    59     1    59 0.89 -
TRINITY_DN24_c0_g1_i1:464-942    -            130 8074at3041           -            134   0.00046   17.7   2.4   1   2     9e-07   0.00046   17.7   2.4    31    74    32    75     3    81 0.88 -
TRINITY_DN24_c0_g1_i1:464-942    -            130 8074at3041           -            134   0.00046   17.7   2.4   2   2      0.17        89    0.6   0.2    50    98    75   129    70   130 0.56 -
TRINITY_DN24_c0_g1_i3:464-898    -            145 8074at3041           -            134   0.00047   17.6   2.1   1   2   9.2e-07   0.00047   17.6   2.1    30    74    46    90    15    94 0.85 -
TRINITY_DN24_c0_g1_i3:464-898    -            145 8074at3041           -            134   0.00047   17.6   2.1   2   2      0.25   1.3e+02    0.1   0.2    51    98    91   144    86   145 0.54 -
TRINITY_DN2068_c0_g1_i3:0-743    -            248 8074at3041           -            134     0.031   11.8   4.5   1   2    0.0061       3.1    5.3   0.7    26    68   101   143    92   150 0.78 -
TRINITY_DN2068_c0_g1_i3:0-743    -            248 8074at3041           -            134     0.031   11.8   4.5   2   2     0.001      0.53    7.8   0.1    11    63   160   212   150   218 0.81 -
TRINITY_DN2068_c0_g1_i4:0-764    -            255 8074at3041           -            134     0.039   11.4   4.8   1   2    0.0074       3.8    5.0   0.8    26    68   108   150   100   157 0.78 -
TRINITY_DN2068_c0_g1_i4:0-764    -            255 8074at3041           -            134     0.039   11.4   4.8   2   2    0.0011      0.55    7.7   0.1    11    63   167   219   157   225 0.81 -
#
# Program:         hmmsearch
# Version:         3.2.1 (June 2018)
# Pipeline mode:   SEARCH
# Query file:      /sw/bioinfo/BUSCO/v5_lineage_sets/lineages/chlorophyta_odb10/hmms/8074at3041.hmm
# Target file:     /crex/proj/snic2022-23-81/expression_algae/code/busco/trinity_VA-3180-Osg11Mul/run_chlorophyta_odb10/metaeuk_output/initial_results/trinity_VA-3180-Osg11Mul.Trinity.fasta.modified.fas
# Option settings: hmmsearch --domtblout /crex/proj/snic2022-23-81/expression_algae/code/busco/trinity_VA-3180-Osg11Mul/run_chlorophyta_odb10/hmmer_output/initial_run_results/8074at3041.out --cpu 1 /sw/bioinfo/BUSCO/v5_lineage_sets/lineages/chlorophyta_odb10/hmms/8074at3041.hmm /crex/proj/snic2022-23-81/expression_algae/code/busco/trinity_VA-3180-Osg11Mul/run_chlorophyta_odb10/metaeuk_output/initial_results/trinity_VA-3180-Osg11Mul.Trinity.fasta.modified.fas 
# Current dir:     /crex/proj/snic2022-23-81/expression_algae/code/busco
# Date:            Fri Sep 23 10:12:26 2022
# [ok]
