#                                                                                        --- full sequence --- -------------- this domain -------------   hmm coord   ali coord   env coord
# target name                    accession   tlen query name           accession   qlen   E-value  score  bias   #  of  c-Evalue  i-Evalue  score  bias  from    to  from    to  from    to  acc description of target
#            ------------------- ---------- ----- -------------------- ---------- ----- --------- ------ ----- --- --- --------- --------- ------ ----- ----- ----- ----- ----- ----- ----- ---- ---------------------
TRINITY_DN40327_c0_g1_i1:226-768 -            181 8260at3041           -            210   5.6e-42  141.6   2.2   1   1   1.3e-43     5e-41  138.5   2.2     9   115     1   127     1   136 0.85 -
TRINITY_DN1856_c0_g1_i3:579-947  -            123 8260at3041           -            210   1.6e-11   42.1   0.0   1   1     5e-14     2e-11   41.8   0.0     5   109     3   120     1   122 0.83 -
TRINITY_DN1856_c0_g1_i1:579-923  -            115 8260at3041           -            210   1.6e-09   35.5   0.1   1   1   4.8e-12   1.9e-09   35.3   0.1    13   109     3   112     1   114 0.78 -
TRINITY_DN13084_c0_g1_i1:66-878  -            271 8260at3041           -            210   0.00033   18.2   0.0   1   2   8.7e-06    0.0035   14.8   0.0   142   206     4    79     1    82 0.68 -
TRINITY_DN13084_c0_g1_i1:66-878  -            271 8260at3041           -            210   0.00033   18.2   0.0   2   2      0.19        75    0.7   0.0   174   208   218   252   206   254 0.85 -
TRINITY_DN374_c0_g1_i2:230-727   -            166 8260at3041           -            210   0.00039   17.9   0.1   1   2      0.12        47    1.3   0.0   158   196    23    63    15    77 0.69 -
TRINITY_DN374_c0_g1_i2:230-727   -            166 8260at3041           -            210   0.00039   17.9   0.1   2   2   1.1e-05    0.0043   14.5   0.0   130   201    78   158    72   163 0.75 -
TRINITY_DN4130_c0_g1_i2:51-497   -            149 8260at3041           -            210    0.0043   14.5   0.0   1   1   1.5e-05    0.0058   14.1   0.0   156   203    48    96    40   100 0.84 -
TRINITY_DN4130_c0_g1_i5:3-854    -            284 8260at3041           -            210    0.0096   13.4   0.3   1   2       2.2   8.7e+02   -2.8   0.1    27    62    91   126    91   130 0.76 -
TRINITY_DN4130_c0_g1_i5:3-854    -            284 8260at3041           -            210    0.0096   13.4   0.3   2   2   4.8e-05     0.019   12.4   0.0   156   203   167   215   160   219 0.84 -
TRINITY_DN960_c0_g1_i1:45-224    -             60 8260at3041           -            210     0.027   11.9   0.0   1   1   6.7e-05     0.027   11.9   0.0   156   195    17    55     1    59 0.79 -
TRINITY_DN960_c0_g1_i2:45-224    -             60 8260at3041           -            210     0.027   11.9   0.0   1   1   6.7e-05     0.027   11.9   0.0   156   195    17    55     1    59 0.79 -
#
# Program:         hmmsearch
# Version:         3.2.1 (June 2018)
# Pipeline mode:   SEARCH
# Query file:      /sw/bioinfo/BUSCO/v5_lineage_sets/lineages/chlorophyta_odb10/hmms/8260at3041.hmm
# Target file:     /crex/proj/snic2022-23-81/expression_algae/code/busco/trinity_VA-3180-Osg11Mul/run_chlorophyta_odb10/metaeuk_output/initial_results/trinity_VA-3180-Osg11Mul.Trinity.fasta.modified.fas
# Option settings: hmmsearch --domtblout /crex/proj/snic2022-23-81/expression_algae/code/busco/trinity_VA-3180-Osg11Mul/run_chlorophyta_odb10/hmmer_output/initial_run_results/8260at3041.out --cpu 1 /sw/bioinfo/BUSCO/v5_lineage_sets/lineages/chlorophyta_odb10/hmms/8260at3041.hmm /crex/proj/snic2022-23-81/expression_algae/code/busco/trinity_VA-3180-Osg11Mul/run_chlorophyta_odb10/metaeuk_output/initial_results/trinity_VA-3180-Osg11Mul.Trinity.fasta.modified.fas 
# Current dir:     /crex/proj/snic2022-23-81/expression_algae/code/busco
# Date:            Fri Sep 23 10:12:27 2022
# [ok]
