#                                                                                        --- full sequence --- -------------- this domain -------------   hmm coord   ali coord   env coord
# target name                    accession   tlen query name           accession   qlen   E-value  score  bias   #  of  c-Evalue  i-Evalue  score  bias  from    to  from    to  from    to  acc description of target
#            ------------------- ---------- ----- -------------------- ---------- ----- --------- ------ ----- --- --- --------- --------- ------ ----- ----- ----- ----- ----- ----- ----- ---- ---------------------
TRINITY_DN6409_c0_g6_i1:902-1225 -            108 8558at3041           -            190   7.7e-22   75.6  10.5   1   1   1.7e-24   8.9e-22   75.4  10.5    97   188    14   105     5   107 0.88 -
TRINITY_DN2686_c0_g1_i1:245-1081 -            279 8558at3041           -            190   3.9e-13   47.2   0.3   1   2       0.2     1e+02    0.1   4.1     6    72    77   145    66   178 0.69 -
TRINITY_DN2686_c0_g1_i1:245-1081 -            279 8558at3041           -            190   3.9e-13   47.2   0.3   2   2   7.6e-16   3.9e-13   47.2   0.3   100   177   201   278   193   279 0.96 -
TRINITY_DN19186_c1_g1_i1:30-329  -            100 8558at3041           -            190   4.6e-09   33.9   0.3   1   1   1.1e-11   5.7e-09   33.6   0.3    99   189     9    97     4    99 0.88 -
TRINITY_DN12934_c0_g1_i1:13-741  -            243 8558at3041           -            190   8.1e-05   20.1   0.2   1   1   2.2e-07   0.00011   19.6   0.2    34   187    83   236    50   239 0.88 -
TRINITY_DN3662_c0_g1_i6:614-1390 -            164 8558at3041           -            190   0.00057   17.3   0.2   1   1   1.4e-06    0.0007   17.0   0.2   103   183    76   156    47   161 0.86 -
TRINITY_DN4283_c0_g1_i4:250-918  -            223 8558at3041           -            190   0.00074   17.0   9.0   1   2      0.25   1.3e+02   -0.1   0.0    15    45    14    45     9    68 0.77 -
TRINITY_DN4283_c0_g1_i4:250-918  -            223 8558at3041           -            190   0.00074   17.0   9.0   2   2     3e-06    0.0015   15.9   6.6    97   186   131   218   111   222 0.70 -
TRINITY_DN4283_c0_g1_i5:0-503    -            168 8558at3041           -            190       1.3    6.4  12.2   1   2   0.00093      0.47    7.8   3.7    98   162    45   111    37   125 0.74 -
TRINITY_DN4283_c0_g1_i5:0-503    -            168 8558at3041           -            190       1.3    6.4  12.2   2   2     0.044        23    2.3   1.3   165   186   142   163   128   167 0.56 -
#
# Program:         hmmsearch
# Version:         3.2.1 (June 2018)
# Pipeline mode:   SEARCH
# Query file:      /sw/bioinfo/BUSCO/v5_lineage_sets/lineages/chlorophyta_odb10/hmms/8558at3041.hmm
# Target file:     /crex/proj/snic2022-23-81/expression_algae/code/busco/trinity_VA-3180-Osg11Mul/run_chlorophyta_odb10/metaeuk_output/initial_results/trinity_VA-3180-Osg11Mul.Trinity.fasta.modified.fas
# Option settings: hmmsearch --domtblout /crex/proj/snic2022-23-81/expression_algae/code/busco/trinity_VA-3180-Osg11Mul/run_chlorophyta_odb10/hmmer_output/initial_run_results/8558at3041.out --cpu 1 /sw/bioinfo/BUSCO/v5_lineage_sets/lineages/chlorophyta_odb10/hmms/8558at3041.hmm /crex/proj/snic2022-23-81/expression_algae/code/busco/trinity_VA-3180-Osg11Mul/run_chlorophyta_odb10/metaeuk_output/initial_results/trinity_VA-3180-Osg11Mul.Trinity.fasta.modified.fas 
# Current dir:     /crex/proj/snic2022-23-81/expression_algae/code/busco
# Date:            Fri Sep 23 10:12:26 2022
# [ok]
