#                                                                                          --- full sequence --- -------------- this domain -------------   hmm coord   ali coord   env coord
# target name                      accession   tlen query name           accession   qlen   E-value  score  bias   #  of  c-Evalue  i-Evalue  score  bias  from    to  from    to  from    to  acc description of target
#              ------------------- ---------- ----- -------------------- ---------- ----- --------- ------ ----- --- --- --------- --------- ------ ----- ----- ----- ----- ----- ----- ----- ---- ---------------------
TRINITY_DN14638_c0_g1_i1:1838-2305 -            156 8718at3041           -            138   1.1e-71  237.0   3.3   1   1   4.2e-74   1.3e-71  236.8   3.3     1   138     1   148     1   148 0.93 -
TRINITY_DN14638_c0_g1_i2:1820-2287 -            156 8718at3041           -            138   1.1e-71  237.0   3.3   1   1   4.2e-74   1.3e-71  236.8   3.3     1   138     1   148     1   148 0.93 -
TRINITY_DN3399_c0_g1_i2:121-549    -            143 8718at3041           -            138   6.1e-48  160.1   2.5   1   1   2.3e-50   6.7e-48  160.0   2.5     1   127     1   132     1   142 0.93 -
TRINITY_DN6059_c0_g3_i1:269-673    -            135 8718at3041           -            138   1.9e-39  132.6   2.9   1   1   7.4e-42   2.2e-39  132.4   2.9     1   126     1   132     1   134 0.93 -
TRINITY_DN3399_c0_g1_i1:44-340     -             99 8718at3041           -            138   1.4e-35  120.1   1.6   1   1   4.8e-38   1.4e-35  120.0   1.6    47   127     7    88     1    98 0.91 -
TRINITY_DN1392_c3_g1_i1:664-1926   -            421 8718at3041           -            138   2.1e-06   25.6   1.2   1   1   1.4e-08   4.1e-06   24.6   1.2    47   128    50   131    11   141 0.87 -
TRINITY_DN1466_c0_g1_i4:146-697    -            184 8718at3041           -            138   0.00012   19.9   1.0   1   1   5.6e-07   0.00017   19.4   1.0     5   127    14   145    10   153 0.68 -
TRINITY_DN1466_c0_g1_i2:146-709    -            188 8718at3041           -            138   0.00012   19.8   1.0   1   1     6e-07   0.00018   19.3   1.0     5   127    14   145    10   153 0.68 -
TRINITY_DN1466_c0_g1_i6:146-845    -            188 8718at3041           -            138    0.0002   19.1   1.0   1   1     1e-06   0.00031   18.5   1.0    49   127    66   145    10   153 0.69 -
TRINITY_DN1466_c0_g1_i5:146-559    -            138 8718at3041           -            138    0.0014   16.4   1.6   1   1   6.3e-06    0.0019   16.0   1.6     5   113    14   131    10   138 0.61 -
TRINITY_DN1531_c0_g1_i1:29-1631    -            512 8718at3041           -            138     0.011   13.6   0.1   1   1     6e-05     0.018   12.8   0.1     7   133     8   137     2   142 0.83 -
TRINITY_DN1531_c0_g1_i4:29-1564    -            512 8718at3041           -            138     0.011   13.6   0.1   1   1     6e-05     0.018   12.8   0.1     7   133     8   137     2   142 0.83 -
#
# Program:         hmmsearch
# Version:         3.2.1 (June 2018)
# Pipeline mode:   SEARCH
# Query file:      /sw/bioinfo/BUSCO/v5_lineage_sets/lineages/chlorophyta_odb10/hmms/8718at3041.hmm
# Target file:     /crex/proj/snic2022-23-81/expression_algae/code/busco/trinity_VA-3180-Osg11Mul/run_chlorophyta_odb10/metaeuk_output/initial_results/trinity_VA-3180-Osg11Mul.Trinity.fasta.modified.fas
# Option settings: hmmsearch --domtblout /crex/proj/snic2022-23-81/expression_algae/code/busco/trinity_VA-3180-Osg11Mul/run_chlorophyta_odb10/hmmer_output/initial_run_results/8718at3041.out --cpu 1 /sw/bioinfo/BUSCO/v5_lineage_sets/lineages/chlorophyta_odb10/hmms/8718at3041.hmm /crex/proj/snic2022-23-81/expression_algae/code/busco/trinity_VA-3180-Osg11Mul/run_chlorophyta_odb10/metaeuk_output/initial_results/trinity_VA-3180-Osg11Mul.Trinity.fasta.modified.fas 
# Current dir:     /crex/proj/snic2022-23-81/expression_algae/code/busco
# Date:            Fri Sep 23 10:12:25 2022
# [ok]
