#                                                                                         --- full sequence --- -------------- this domain -------------   hmm coord   ali coord   env coord
# target name                     accession   tlen query name           accession   qlen   E-value  score  bias   #  of  c-Evalue  i-Evalue  score  bias  from    to  from    to  from    to  acc description of target
#             ------------------- ---------- ----- -------------------- ---------- ----- --------- ------ ----- --- --- --------- --------- ------ ----- ----- ----- ----- ----- ----- ----- ---- ---------------------
TRINITY_DN8820_c0_g1_i2:214-912   -            233 918at3041            -            447   4.1e-51  172.4  15.5   1   2   1.7e-41   1.5e-38  131.0   4.6     7   109    30   157    26   161 0.88 -
TRINITY_DN8820_c0_g1_i2:214-912   -            233 918at3041            -            447   4.1e-51  172.4  15.5   2   2   2.6e-15   2.4e-12   44.6   3.1   104   145   189   233   179   233 0.91 -
TRINITY_DN4933_c0_g2_i6:1209-2132 -            308 918at3041            -            447    0.0015   15.6   3.3   1   3   0.00012       0.1    9.6   0.3   217   304    25   111     5   121 0.85 -
TRINITY_DN4933_c0_g2_i6:1209-2132 -            308 918at3041            -            447    0.0015   15.6   3.3   2   3    0.0068       6.1    3.7   0.0   269   331   130   191   116   230 0.71 -
TRINITY_DN4933_c0_g2_i6:1209-2132 -            308 918at3041            -            447    0.0015   15.6   3.3   3   3     0.033        29    1.5   0.1   208   259   244   301   229   304 0.69 -
TRINITY_DN4933_c0_g2_i2:47-1735   -            563 918at3041            -            447     0.016   12.3   3.9   1   3    0.0055         5    4.0   0.3   232   321   213   300   153   308 0.75 -
TRINITY_DN4933_c0_g2_i2:47-1735   -            563 918at3041            -            447     0.016   12.3   3.9   2   3   0.00079      0.71    6.8   0.3   214   301   297   384   277   386 0.83 -
TRINITY_DN4933_c0_g2_i2:47-1735   -            563 918at3041            -            447     0.016   12.3   3.9   3   3     0.017        15    2.4   0.0   269   328   430   488   409   530 0.71 -
TRINITY_DN4933_c0_g2_i10:316-1467 -            384 918at3041            -            447     0.029   11.4   2.0   1   2    0.0026       2.3    5.1   0.3   231   322   212   301   149   309 0.74 -
TRINITY_DN4933_c0_g2_i10:316-1467 -            384 918at3041            -            447     0.029   11.4   2.0   2   2   0.00078       0.7    6.8   0.2   218   300   302   383   294   384 0.84 -
#
# Program:         hmmsearch
# Version:         3.2.1 (June 2018)
# Pipeline mode:   SEARCH
# Query file:      /sw/bioinfo/BUSCO/v5_lineage_sets/lineages/chlorophyta_odb10/hmms/918at3041.hmm
# Target file:     /crex/proj/snic2022-23-81/expression_algae/code/busco/trinity_VA-3180-Osg11Mul/run_chlorophyta_odb10/metaeuk_output/initial_results/trinity_VA-3180-Osg11Mul.Trinity.fasta.modified.fas
# Option settings: hmmsearch --domtblout /crex/proj/snic2022-23-81/expression_algae/code/busco/trinity_VA-3180-Osg11Mul/run_chlorophyta_odb10/hmmer_output/initial_run_results/918at3041.out --cpu 1 /sw/bioinfo/BUSCO/v5_lineage_sets/lineages/chlorophyta_odb10/hmms/918at3041.hmm /crex/proj/snic2022-23-81/expression_algae/code/busco/trinity_VA-3180-Osg11Mul/run_chlorophyta_odb10/metaeuk_output/initial_results/trinity_VA-3180-Osg11Mul.Trinity.fasta.modified.fas 
# Current dir:     /crex/proj/snic2022-23-81/expression_algae/code/busco
# Date:            Fri Sep 23 10:12:27 2022
# [ok]
