#                                                                                         --- full sequence --- -------------- this domain -------------   hmm coord   ali coord   env coord
# target name                     accession   tlen query name           accession   qlen   E-value  score  bias   #  of  c-Evalue  i-Evalue  score  bias  from    to  from    to  from    to  acc description of target
#             ------------------- ---------- ----- -------------------- ---------- ----- --------- ------ ----- --- --- --------- --------- ------ ----- ----- ----- ----- ----- ----- ----- ---- ---------------------
TRINITY_DN16962_c0_g1_i1:151-1242 -            364 1090at3041           -            369    3e-168  557.2   5.8   1   1    9e-171  3.5e-168  556.9   5.8     3   325     1   364     1   364 0.94 -
TRINITY_DN4821_c0_g1_i3:151-1407  -            419 1090at3041           -            369   1.5e-24   84.3   1.2   1   1   5.5e-27   2.1e-24   83.8   0.8   150   361   163   383    66   387 0.89 -
TRINITY_DN4821_c0_g1_i1:151-1149  -            333 1090at3041           -            369   8.2e-13   45.7   1.0   1   1   3.1e-15   1.2e-12   45.1   0.6   150   298   163   315    66   333 0.86 -
TRINITY_DN1491_c0_g1_i1:70-1224   -            385 1090at3041           -            369   1.4e-07   28.5   0.1   1   1   6.2e-10   2.4e-07   27.7   0.0   262   361   250   351   175   357 0.76 -
TRINITY_DN525_c0_g1_i2:86-1369    -            428 1090at3041           -            369   1.4e-06   25.2   1.1   1   3     0.068        27    1.3   0.0   294   339    88   133    60   139 0.84 -
TRINITY_DN525_c0_g1_i2:86-1369    -            428 1090at3041           -            369   1.4e-06   25.2   1.1   2   3      0.43   1.7e+02   -1.4   0.0    72   100   255   287   247   295 0.63 -
TRINITY_DN525_c0_g1_i2:86-1369    -            428 1090at3041           -            369   1.4e-06   25.2   1.1   3   3   5.3e-08   2.1e-05   21.4   0.1   276   361   310   393   282   399 0.89 -
TRINITY_DN5760_c0_g1_i1:100-1584  -            495 1090at3041           -            369   3.1e-05   20.8   0.0   1   1   1.3e-07   5.2e-05   20.1   0.0   224   355   282   415   248   424 0.80 -
TRINITY_DN10909_c0_g1_i2:1-1407   -            469 1090at3041           -            369   0.00027   17.7   0.2   1   2       0.2        80   -0.3   0.0   272   317   160   208   148   213 0.78 -
TRINITY_DN10909_c0_g1_i2:1-1407   -            469 1090at3041           -            369   0.00027   17.7   0.2   2   2   4.2e-06    0.0016   15.1   0.0   299   364   368   433   346   437 0.91 -
TRINITY_DN7882_c0_g1_i1:7-1089    -            361 1090at3041           -            369     0.017   11.8   0.0   1   2      0.21        83   -0.4   0.0    96   126   172   202   158   209 0.87 -
TRINITY_DN7882_c0_g1_i1:7-1089    -            361 1090at3041           -            369     0.017   11.8   0.0   2   2   0.00022     0.086    9.5   0.0   287   362   261   340   232   344 0.80 -
#
# Program:         hmmsearch
# Version:         3.2.1 (June 2018)
# Pipeline mode:   SEARCH
# Query file:      /sw/bioinfo/BUSCO/v5_lineage_sets/lineages/chlorophyta_odb10/hmms/1090at3041.hmm
# Target file:     /crex/proj/snic2022-23-81/expression_algae/code/busco/trinity_VA-3180-Osg03Mul/run_chlorophyta_odb10/metaeuk_output/initial_results/trinity_VA-3180-Osg03Mul.Trinity.fasta.modified.fas
# Option settings: hmmsearch --domtblout /crex/proj/snic2022-23-81/expression_algae/code/busco/trinity_VA-3180-Osg03Mul/run_chlorophyta_odb10/hmmer_output/initial_run_results/1090at3041.out --cpu 1 /sw/bioinfo/BUSCO/v5_lineage_sets/lineages/chlorophyta_odb10/hmms/1090at3041.hmm /crex/proj/snic2022-23-81/expression_algae/code/busco/trinity_VA-3180-Osg03Mul/run_chlorophyta_odb10/metaeuk_output/initial_results/trinity_VA-3180-Osg03Mul.Trinity.fasta.modified.fas 
# Current dir:     /crex/proj/snic2022-23-81/expression_algae/code/busco
# Date:            Fri Sep 23 10:11:28 2022
# [ok]
