#                                                                                        --- full sequence --- -------------- this domain -------------   hmm coord   ali coord   env coord
# target name                    accession   tlen query name           accession   qlen   E-value  score  bias   #  of  c-Evalue  i-Evalue  score  bias  from    to  from    to  from    to  acc description of target
#            ------------------- ---------- ----- -------------------- ---------- ----- --------- ------ ----- --- --- --------- --------- ------ ----- ----- ----- ----- ----- ----- ----- ---- ---------------------
TRINITY_DN16524_c0_g1_i1:171-857 -            229 11296at3041          -            188   2.8e-79  262.5  19.2   1   2     4e-10   2.5e-07   27.8   0.2     1    27     1    27     1    35 0.94 -
TRINITY_DN16524_c0_g1_i1:171-857 -            229 11296at3041          -            188   2.8e-79  262.5  19.2   2   2   1.4e-74     9e-72  238.0  13.7    22   188    44   220    30   220 0.94 -
TRINITY_DN410_c0_g1_i1:140-811   -            224 11296at3041          -            188   1.2e-08   32.1   2.6   1   2     0.069        43    1.0   0.2    99   136    52    88    28    98 0.70 -
TRINITY_DN410_c0_g1_i1:140-811   -            224 11296at3041          -            188   1.2e-08   32.1   2.6   2   2     2e-11   1.2e-08   32.1   2.6    93   187   120   214   113   215 0.95 -
TRINITY_DN2795_c0_g1_i1:182-1044 -            256 11296at3041          -            188   1.4e-08   31.9   4.1   1   3    0.0015      0.95    6.4   0.0    14    55    32    73    28    98 0.85 -
TRINITY_DN2795_c0_g1_i1:182-1044 -            256 11296at3041          -            188   1.4e-08   31.9   4.1   2   3     0.087        54    0.7   0.1   107   136   110   139    74   154 0.49 -
TRINITY_DN2795_c0_g1_i1:182-1044 -            256 11296at3041          -            188   1.4e-08   31.9   4.1   3   3   3.5e-09   2.2e-06   24.8   0.3   112   187   173   248   154   249 0.92 -
TRINITY_DN410_c0_g1_i3:140-355   -             72 11296at3041          -            188   1.8e-05   21.8   1.0   1   1   3.3e-08     2e-05   21.6   1.0   127   187     2    62     1    63 0.95 -
TRINITY_DN410_c0_g1_i3:424-1014  -            197 11296at3041          -            188   0.00034   17.6   4.2   1   2     0.056        35    1.3   0.2    99   136    52    88    27    98 0.70 -
TRINITY_DN410_c0_g1_i3:424-1014  -            197 11296at3041          -            188   0.00034   17.6   4.2   2   2   5.6e-07   0.00035   17.6   0.5    93   146   120   173   113   178 0.94 -
#
# Program:         hmmsearch
# Version:         3.2.1 (June 2018)
# Pipeline mode:   SEARCH
# Query file:      /sw/bioinfo/BUSCO/v5_lineage_sets/lineages/chlorophyta_odb10/hmms/11296at3041.hmm
# Target file:     /crex/proj/snic2022-23-81/expression_algae/code/busco/trinity_VA-3180-Osg03Mul/run_chlorophyta_odb10/metaeuk_output/initial_results/trinity_VA-3180-Osg03Mul.Trinity.fasta.modified.fas
# Option settings: hmmsearch --domtblout /crex/proj/snic2022-23-81/expression_algae/code/busco/trinity_VA-3180-Osg03Mul/run_chlorophyta_odb10/hmmer_output/initial_run_results/11296at3041.out --cpu 1 /sw/bioinfo/BUSCO/v5_lineage_sets/lineages/chlorophyta_odb10/hmms/11296at3041.hmm /crex/proj/snic2022-23-81/expression_algae/code/busco/trinity_VA-3180-Osg03Mul/run_chlorophyta_odb10/metaeuk_output/initial_results/trinity_VA-3180-Osg03Mul.Trinity.fasta.modified.fas 
# Current dir:     /crex/proj/snic2022-23-81/expression_algae/code/busco
# Date:            Fri Sep 23 10:11:29 2022
# [ok]
