#                                                                                        --- full sequence --- -------------- this domain -------------   hmm coord   ali coord   env coord
# target name                    accession   tlen query name           accession   qlen   E-value  score  bias   #  of  c-Evalue  i-Evalue  score  bias  from    to  from    to  from    to  acc description of target
#            ------------------- ---------- ----- -------------------- ---------- ----- --------- ------ ----- --- --- --------- --------- ------ ----- ----- ----- ----- ----- ----- ----- ---- ---------------------
TRINITY_DN28690_c0_g1_i1:281-559 -             93 11669at3041          -             84   4.4e-41  136.5   0.0   1   1   1.5e-43   5.3e-41  136.3   0.0     1    84     3    91     3    91 0.96 -
TRINITY_DN36176_c0_g1_i1:0-260   -             87 11669at3041          -             84   3.3e-14   50.4   0.2   1   1   1.1e-16   3.9e-14   50.1   0.2     3    69    15    84    13    86 0.93 -
TRINITY_DN30914_c0_g1_i1:336-545 -             70 11669at3041          -             84   1.8e-08   32.0   0.2   1   1   7.9e-11   2.7e-08   31.4   0.2     2    62     5    62     4    67 0.86 -
TRINITY_DN41155_c0_g1_i1:143-358 -             72 11669at3041          -             84   1.3e-06   26.1   0.0   1   1   4.2e-09   1.5e-06   25.9   0.0     3    37    10    44     8    70 0.92 -
TRINITY_DN704_c0_g1_i3:30-341    -            104 11669at3041          -             84   2.7e-05   21.8   0.1   1   1   2.7e-07   9.3e-05   20.1   0.1     2    38    15    51    14    90 0.75 -
TRINITY_DN3495_c0_g1_i2:60-296   -             79 11669at3041          -             84   0.00047   17.9   0.1   1   2   0.00033      0.12   10.2   0.1     4    37    10    43     7    50 0.86 -
TRINITY_DN3495_c0_g1_i2:60-296   -             79 11669at3041          -             84   0.00047   17.9   0.1   2   2    0.0058         2    6.2   0.0    31    59    50    78    45    79 0.88 -
TRINITY_DN435_c0_g1_i1:8-415     -            136 11669at3041          -             84   0.00092   16.9   0.1   1   2   2.3e-05     0.008   13.9   0.0     2    37    12    47    11    51 0.87 -
TRINITY_DN435_c0_g1_i1:8-415     -            136 11669at3041          -             84   0.00092   16.9   0.1   2   2      0.29     1e+02    0.7   0.0    43    58    64    79    60    85 0.85 -
TRINITY_DN435_c0_g1_i2:8-499     -            164 11669at3041          -             84    0.0015   16.2   0.0   1   2   3.3e-05     0.011   13.4   0.0     2    37    12    47    11    50 0.87 -
TRINITY_DN435_c0_g1_i2:8-499     -            164 11669at3041          -             84    0.0015   16.2   0.0   2   2       0.4   1.4e+02    0.3   0.0    43    58    92   107    89   112 0.85 -
TRINITY_DN17381_c0_g1_i1:10-276  -             89 11669at3041          -             84    0.0018   16.0   0.0   1   1   6.9e-06    0.0024   15.6   0.0    14    61    37    85    25    88 0.74 -
#
# Program:         hmmsearch
# Version:         3.2.1 (June 2018)
# Pipeline mode:   SEARCH
# Query file:      /sw/bioinfo/BUSCO/v5_lineage_sets/lineages/chlorophyta_odb10/hmms/11669at3041.hmm
# Target file:     /crex/proj/snic2022-23-81/expression_algae/code/busco/trinity_VA-3180-Osg03Mul/run_chlorophyta_odb10/metaeuk_output/initial_results/trinity_VA-3180-Osg03Mul.Trinity.fasta.modified.fas
# Option settings: hmmsearch --domtblout /crex/proj/snic2022-23-81/expression_algae/code/busco/trinity_VA-3180-Osg03Mul/run_chlorophyta_odb10/hmmer_output/initial_run_results/11669at3041.out --cpu 1 /sw/bioinfo/BUSCO/v5_lineage_sets/lineages/chlorophyta_odb10/hmms/11669at3041.hmm /crex/proj/snic2022-23-81/expression_algae/code/busco/trinity_VA-3180-Osg03Mul/run_chlorophyta_odb10/metaeuk_output/initial_results/trinity_VA-3180-Osg03Mul.Trinity.fasta.modified.fas 
# Current dir:     /crex/proj/snic2022-23-81/expression_algae/code/busco
# Date:            Fri Sep 23 10:11:28 2022
# [ok]
