#                                                                                        --- full sequence --- -------------- this domain -------------   hmm coord   ali coord   env coord
# target name                    accession   tlen query name           accession   qlen   E-value  score  bias   #  of  c-Evalue  i-Evalue  score  bias  from    to  from    to  from    to  acc description of target
#            ------------------- ---------- ----- -------------------- ---------- ----- --------- ------ ----- --- --- --------- --------- ------ ----- ----- ----- ----- ----- ----- ----- ---- ---------------------
TRINITY_DN266_c0_g1_i1:83-844    -            254 1553at3041           -            346   3.7e-92  306.3   0.0   1   2   5.4e-71   2.1e-68  228.1   0.0     1   130     1   136     1   148 0.97 -
TRINITY_DN266_c0_g1_i1:83-844    -            254 1553at3041           -            346   3.7e-92  306.3   0.0   2   2   8.5e-25   3.3e-22   76.2   0.0   129   194   163   234   158   245 0.89 -
TRINITY_DN5679_c0_g2_i1:190-1518 -            443 1553at3041           -            346     5e-58  194.0   3.6   1   2   7.6e-27     3e-24   83.0   0.1     1   129     1   138     1   141 0.91 -
TRINITY_DN5679_c0_g2_i1:190-1518 -            443 1553at3041           -            346     5e-58  194.0   3.6   2   2   5.9e-34   2.3e-31  106.3   1.1   140   345   199   439   193   440 0.75 -
TRINITY_DN18480_c0_g1_i1:100-870 -            257 1553at3041           -            346     7e-38  127.8   0.3   1   1   3.7e-38   1.5e-35  120.2   0.3   142   345     1   253     1   254 0.75 -
TRINITY_DN3327_c0_g1_i1:328-795  -            156 1553at3041           -            346   0.00028   17.3   0.1   1   1   7.2e-07   0.00028   17.3   0.1    47   130    53   136     4   148 0.90 -
TRINITY_DN1248_c0_g1_i1:22-1557  -            512 1553at3041           -            346    0.0028   14.0   0.4   1   2   1.3e-05    0.0053   13.1   0.0    44   128    49   133     7   148 0.86 -
TRINITY_DN1248_c0_g1_i1:22-1557  -            512 1553at3041           -            346    0.0028   14.0   0.4   2   2      0.84   3.3e+02   -2.7   0.1   140   168   271   302   262   323 0.60 -
TRINITY_DN2641_c0_g1_i1:12-443   -            144 1553at3041           -            346    0.0043   13.4   0.1   1   1   1.3e-05    0.0049   13.2   0.1    52   124    59   132    35   142 0.83 -
TRINITY_DN1248_c0_g1_i3:22-1512  -            497 1553at3041           -            346    0.0044   13.3   0.8   1   2   1.8e-05    0.0071   12.7   0.1    44   128    34   118    29   133 0.87 -
TRINITY_DN1248_c0_g1_i3:22-1512  -            497 1553at3041           -            346    0.0044   13.3   0.8   2   2      0.76     3e+02   -2.5   0.1   139   168   255   287   246   308 0.61 -
TRINITY_DN36971_c0_g1_i1:108-536 -            143 1553at3041           -            346    0.0086   12.4   0.1   1   1   2.4e-05    0.0096   12.2   0.1    55   127    61   133    35   141 0.83 -
#
# Program:         hmmsearch
# Version:         3.2.1 (June 2018)
# Pipeline mode:   SEARCH
# Query file:      /sw/bioinfo/BUSCO/v5_lineage_sets/lineages/chlorophyta_odb10/hmms/1553at3041.hmm
# Target file:     /crex/proj/snic2022-23-81/expression_algae/code/busco/trinity_VA-3180-Osg03Mul/run_chlorophyta_odb10/metaeuk_output/initial_results/trinity_VA-3180-Osg03Mul.Trinity.fasta.modified.fas
# Option settings: hmmsearch --domtblout /crex/proj/snic2022-23-81/expression_algae/code/busco/trinity_VA-3180-Osg03Mul/run_chlorophyta_odb10/hmmer_output/initial_run_results/1553at3041.out --cpu 1 /sw/bioinfo/BUSCO/v5_lineage_sets/lineages/chlorophyta_odb10/hmms/1553at3041.hmm /crex/proj/snic2022-23-81/expression_algae/code/busco/trinity_VA-3180-Osg03Mul/run_chlorophyta_odb10/metaeuk_output/initial_results/trinity_VA-3180-Osg03Mul.Trinity.fasta.modified.fas 
# Current dir:     /crex/proj/snic2022-23-81/expression_algae/code/busco
# Date:            Fri Sep 23 10:11:29 2022
# [ok]
