#                                                                                        --- full sequence --- -------------- this domain -------------   hmm coord   ali coord   env coord
# target name                    accession   tlen query name           accession   qlen   E-value  score  bias   #  of  c-Evalue  i-Evalue  score  bias  from    to  from    to  from    to  acc description of target
#            ------------------- ---------- ----- -------------------- ---------- ----- --------- ------ ----- --- --- --------- --------- ------ ----- ----- ----- ----- ----- ----- ----- ---- ---------------------
TRINITY_DN2683_c0_g1_i1:8-1021   -            338 3028at3041           -            232   1.3e-96  320.2   3.4   1   1   3.2e-99     2e-96  319.6   3.4     1   231    17   296    17   297 0.87 -
TRINITY_DN2683_c0_g1_i2:8-1135   -            338 3028at3041           -            232     3e-96  319.0   3.3   1   1   7.4e-99   4.6e-96  318.4   3.3     1   231    17   296    17   297 0.87 -
TRINITY_DN1246_c0_g1_i3:72-866   -            265 3028at3041           -            232    0.0053   13.9   0.1   1   3      0.28   1.8e+02   -0.9   0.0    61    84    76    99    49   111 0.70 -
TRINITY_DN1246_c0_g1_i3:72-866   -            265 3028at3041           -            232    0.0053   13.9   0.1   2   3   0.00014     0.088    9.9   0.0   181   204   158   181   145   191 0.77 -
TRINITY_DN1246_c0_g1_i3:72-866   -            265 3028at3041           -            232    0.0053   13.9   0.1   3   3      0.15        95   -0.0   0.0   182   203   198   219   183   233 0.67 -
TRINITY_DN1246_c0_g1_i5:72-908   -            279 3028at3041           -            232    0.0058   13.8   0.1   1   3      0.29   1.8e+02   -1.0   0.0    61    84    90   113    61   125 0.70 -
TRINITY_DN1246_c0_g1_i5:72-908   -            279 3028at3041           -            232    0.0058   13.8   0.1   2   3   0.00016     0.098    9.8   0.0   181   203   172   194   159   203 0.76 -
TRINITY_DN1246_c0_g1_i5:72-908   -            279 3028at3041           -            232    0.0058   13.8   0.1   3   3      0.15        96   -0.0   0.0   182   203   212   233   194   247 0.68 -
TRINITY_DN1246_c0_g1_i1:160-1311 -            384 3028at3041           -            232      0.01   12.9   0.1   1   4      0.54   3.4e+02   -1.8   0.0    61    84    90   113    74   124 0.67 -
TRINITY_DN1246_c0_g1_i1:160-1311 -            384 3028at3041           -            232      0.01   12.9   0.1   2   4   0.00024      0.15    9.1   0.0   181   203   172   194   159   203 0.76 -
TRINITY_DN1246_c0_g1_i1:160-1311 -            384 3028at3041           -            232      0.01   12.9   0.1   3   4       0.3   1.9e+02   -1.0   0.0   183   203   213   233   201   247 0.67 -
TRINITY_DN1246_c0_g1_i1:160-1311 -            384 3028at3041           -            232      0.01   12.9   0.1   4   4       1.9   1.2e+03   -3.6   0.0   176   202   286   310   280   313 0.72 -
#
# Program:         hmmsearch
# Version:         3.2.1 (June 2018)
# Pipeline mode:   SEARCH
# Query file:      /sw/bioinfo/BUSCO/v5_lineage_sets/lineages/chlorophyta_odb10/hmms/3028at3041.hmm
# Target file:     /crex/proj/snic2022-23-81/expression_algae/code/busco/trinity_VA-3180-Osg03Mul/run_chlorophyta_odb10/metaeuk_output/initial_results/trinity_VA-3180-Osg03Mul.Trinity.fasta.modified.fas
# Option settings: hmmsearch --domtblout /crex/proj/snic2022-23-81/expression_algae/code/busco/trinity_VA-3180-Osg03Mul/run_chlorophyta_odb10/hmmer_output/initial_run_results/3028at3041.out --cpu 1 /sw/bioinfo/BUSCO/v5_lineage_sets/lineages/chlorophyta_odb10/hmms/3028at3041.hmm /crex/proj/snic2022-23-81/expression_algae/code/busco/trinity_VA-3180-Osg03Mul/run_chlorophyta_odb10/metaeuk_output/initial_results/trinity_VA-3180-Osg03Mul.Trinity.fasta.modified.fas 
# Current dir:     /crex/proj/snic2022-23-81/expression_algae/code/busco
# Date:            Fri Sep 23 10:11:32 2022
# [ok]
