#                                                                                          --- full sequence --- -------------- this domain -------------   hmm coord   ali coord   env coord
# target name                      accession   tlen query name           accession   qlen   E-value  score  bias   #  of  c-Evalue  i-Evalue  score  bias  from    to  from    to  from    to  acc description of target
#              ------------------- ---------- ----- -------------------- ---------- ----- --------- ------ ----- --- --- --------- --------- ------ ----- ----- ----- ----- ----- ----- ----- ---- ---------------------
TRINITY_DN1767_c0_g1_i1:657-2795   -            713 406at3041            -            562         0 1039.2   1.7   1   2  3.7e-170  2.3e-167  555.1   0.7     1   272    56   343    56   354 0.96 -
TRINITY_DN1767_c0_g1_i1:657-2795   -            713 406at3041            -            562         0 1039.2   1.7   2   2  2.1e-148  1.3e-145  483.3   0.0   262   562   357   700   345   700 0.90 -
TRINITY_DN34904_c0_g1_i1:2422-4347 -            642 406at3041            -            562  1.8e-177  588.5   0.1   1   2   1.3e-97   8.2e-95  315.7   0.2     3   269     2   277     1   286 0.91 -
TRINITY_DN34904_c0_g1_i1:2422-4347 -            642 406at3041            -            562  1.8e-177  588.5   0.1   2   2   4.5e-84   2.8e-81  271.0   0.0   288   562   324   633   298   633 0.84 -
TRINITY_DN15124_c0_g1_i1:6-1844    -            613 406at3041            -            562   2.2e-09   33.7   1.9   1   3   0.00011     0.068    8.9   0.1   129   173   138   181   115   187 0.89 -
TRINITY_DN15124_c0_g1_i1:6-1844    -            613 406at3041            -            562   2.2e-09   33.7   1.9   2   3      0.45   2.8e+02   -3.0   0.0   205   244   259   299   239   303 0.71 -
TRINITY_DN15124_c0_g1_i1:6-1844    -            613 406at3041            -            562   2.2e-09   33.7   1.9   3   3   3.9e-09   2.4e-06   23.6   0.2   339   462   352   476   332   527 0.83 -
TRINITY_DN301_c0_g1_i2:110-2227    -            706 406at3041            -            562   1.6e-08   30.8   1.1   1   2   0.00092      0.58    5.9   0.0   133   173   191   231   161   251 0.88 -
TRINITY_DN301_c0_g1_i2:110-2227    -            706 406at3041            -            562   1.6e-08   30.8   1.1   2   2   5.5e-09   3.4e-06   23.1   0.2   340   464   413   538   403   602 0.82 -
TRINITY_DN301_c0_g1_i4:110-2227    -            706 406at3041            -            562   1.6e-08   30.8   1.1   1   2   0.00092      0.58    5.9   0.0   133   173   191   231   161   251 0.88 -
TRINITY_DN301_c0_g1_i4:110-2227    -            706 406at3041            -            562   1.6e-08   30.8   1.1   2   2   5.5e-09   3.4e-06   23.1   0.2   340   464   413   538   403   602 0.82 -
#
# Program:         hmmsearch
# Version:         3.2.1 (June 2018)
# Pipeline mode:   SEARCH
# Query file:      /sw/bioinfo/BUSCO/v5_lineage_sets/lineages/chlorophyta_odb10/hmms/406at3041.hmm
# Target file:     /crex/proj/snic2022-23-81/expression_algae/code/busco/trinity_VA-3180-Osg03Mul/run_chlorophyta_odb10/metaeuk_output/initial_results/trinity_VA-3180-Osg03Mul.Trinity.fasta.modified.fas
# Option settings: hmmsearch --domtblout /crex/proj/snic2022-23-81/expression_algae/code/busco/trinity_VA-3180-Osg03Mul/run_chlorophyta_odb10/hmmer_output/initial_run_results/406at3041.out --cpu 1 /sw/bioinfo/BUSCO/v5_lineage_sets/lineages/chlorophyta_odb10/hmms/406at3041.hmm /crex/proj/snic2022-23-81/expression_algae/code/busco/trinity_VA-3180-Osg03Mul/run_chlorophyta_odb10/metaeuk_output/initial_results/trinity_VA-3180-Osg03Mul.Trinity.fasta.modified.fas 
# Current dir:     /crex/proj/snic2022-23-81/expression_algae/code/busco
# Date:            Fri Sep 23 10:11:31 2022
# [ok]
