#                                                                                        --- full sequence --- -------------- this domain -------------   hmm coord   ali coord   env coord
# target name                    accession   tlen query name           accession   qlen   E-value  score  bias   #  of  c-Evalue  i-Evalue  score  bias  from    to  from    to  from    to  acc description of target
#            ------------------- ---------- ----- -------------------- ---------- ----- --------- ------ ----- --- --- --------- --------- ------ ----- ----- ----- ----- ----- ----- ----- ---- ---------------------
TRINITY_DN40883_c0_g1_i1:238-660 -            141 6476at3041           -            210   9.3e-18   62.2   1.1   1   1     4e-20   2.1e-17   61.1   1.1     1   106    32   139    32   141 0.67 -
TRINITY_DN8438_c0_g1_i1:96-440   -            115 6476at3041           -            210   7.6e-09   33.1   0.5   1   1   2.1e-11   1.1e-08   32.6   0.5    97   171     2    79     1    89 0.51 -
TRINITY_DN2061_c0_g1_i2:72-818   -            202 6476at3041           -            210   2.2e-07   28.3   5.2   1   2     2e-06     0.001   16.3   2.3    25   108    36   114    23   115 0.80 -
TRINITY_DN2061_c0_g1_i2:72-818   -            202 6476at3041           -            210   2.2e-07   28.3   5.2   2   2   3.3e-07   0.00017   18.9   1.5    49   102    99   157    95   178 0.82 -
TRINITY_DN2061_c0_g1_i3:72-677   -            202 6476at3041           -            210   2.2e-07   28.3   5.2   1   2     2e-06     0.001   16.3   2.3    25   108    36   114    23   115 0.80 -
TRINITY_DN2061_c0_g1_i3:72-677   -            202 6476at3041           -            210   2.2e-07   28.3   5.2   2   2   3.3e-07   0.00017   18.9   1.5    49   102    99   157    95   178 0.82 -
TRINITY_DN2061_c0_g1_i4:148-603  -            152 6476at3041           -            210   4.8e-07   27.2   4.8   1   2   0.00035      0.18    9.0   0.1    51    90     5    45     2    49 0.76 -
TRINITY_DN2061_c0_g1_i4:148-603  -            152 6476at3041           -            210   4.8e-07   27.2   4.8   2   2   1.7e-07   8.8e-05   19.8   1.6    49   103    49   108    45   132 0.82 -
TRINITY_DN13528_c0_g1_i1:329-691 -            121 6476at3041           -            210   4.3e-05   20.8   5.0   1   2   3.3e-07   0.00017   18.9   4.9    54   109     2    60     1    80 0.75 -
TRINITY_DN13528_c0_g1_i1:329-691 -            121 6476at3041           -            210   4.3e-05   20.8   5.0   2   2    0.0021       1.1    6.4   0.3   137   172    47    83    47    91 0.65 -
#
# Program:         hmmsearch
# Version:         3.2.1 (June 2018)
# Pipeline mode:   SEARCH
# Query file:      /sw/bioinfo/BUSCO/v5_lineage_sets/lineages/chlorophyta_odb10/hmms/6476at3041.hmm
# Target file:     /crex/proj/snic2022-23-81/expression_algae/code/busco/trinity_VA-3180-Osg03Mul/run_chlorophyta_odb10/metaeuk_output/initial_results/trinity_VA-3180-Osg03Mul.Trinity.fasta.modified.fas
# Option settings: hmmsearch --domtblout /crex/proj/snic2022-23-81/expression_algae/code/busco/trinity_VA-3180-Osg03Mul/run_chlorophyta_odb10/hmmer_output/initial_run_results/6476at3041.out --cpu 1 /sw/bioinfo/BUSCO/v5_lineage_sets/lineages/chlorophyta_odb10/hmms/6476at3041.hmm /crex/proj/snic2022-23-81/expression_algae/code/busco/trinity_VA-3180-Osg03Mul/run_chlorophyta_odb10/metaeuk_output/initial_results/trinity_VA-3180-Osg03Mul.Trinity.fasta.modified.fas 
# Current dir:     /crex/proj/snic2022-23-81/expression_algae/code/busco
# Date:            Fri Sep 23 10:11:35 2022
# [ok]
