#                                                                                         --- full sequence --- -------------- this domain -------------   hmm coord   ali coord   env coord
# target name                     accession   tlen query name           accession   qlen   E-value  score  bias   #  of  c-Evalue  i-Evalue  score  bias  from    to  from    to  from    to  acc description of target
#             ------------------- ---------- ----- -------------------- ---------- ----- --------- ------ ----- --- --- --------- --------- ------ ----- ----- ----- ----- ----- ----- ----- ---- ---------------------
TRINITY_DN21899_c0_g1_i1:1-417    -            139 7058at3041           -            177   7.6e-49  163.4   0.5   1   1   8.3e-51   2.6e-48  161.6   0.5    67   177     1   137     1   137 0.84 -
TRINITY_DN4489_c0_g1_i1:428-859   -            144 7058at3041           -            177   4.2e-06   24.2   0.1   1   1   1.8e-08   5.6e-06   23.8   0.1    47    87     1    44     1    62 0.76 -
TRINITY_DN4489_c0_g1_i3:270-701   -            144 7058at3041           -            177   4.2e-06   24.2   0.1   1   1   1.8e-08   5.6e-06   23.8   0.1    47    87     1    44     1    62 0.76 -
TRINITY_DN15940_c0_g1_i1:3-674    -            224 7058at3041           -            177   0.00017   18.9   0.1   1   1   7.5e-07   0.00024   18.5   0.1    41    85    64   108    23   124 0.86 -
TRINITY_DN41807_c0_g1_i2:478-1473 -            332 7058at3041           -            177    0.0017   15.7   1.1   1   2       3.1   9.6e+02   -3.1   0.1    27    60    49    82    31    88 0.61 -
TRINITY_DN41807_c0_g1_i2:478-1473 -            332 7058at3041           -            177    0.0017   15.7   1.1   2   2   6.9e-06    0.0022   15.3   0.1    36    75   153   191   127   210 0.70 -
TRINITY_DN34804_c0_g1_i1:165-1025 -            287 7058at3041           -            177    0.0021   15.4   0.0   1   1   1.1e-05    0.0035   14.7   0.0    40    68   123   151    97   170 0.74 -
TRINITY_DN17927_c0_g1_i1:33-698   -            222 7058at3041           -            177    0.0063   13.8   0.1   1   1   3.3e-05      0.01   13.1   0.1    47    87    57    95    25   109 0.87 -
TRINITY_DN29586_c0_g1_i1:612-1682 -            357 7058at3041           -            177     0.007   13.7   0.4   1   1   3.7e-05     0.011   13.0   0.4    43   117   173   249   139   257 0.80 -
TRINITY_DN17030_c0_g1_i1:18-668   -            217 7058at3041           -            177     0.022   12.0   0.1   1   1   0.00014     0.042   11.1   0.1    44    96    33    90    14   115 0.78 -
TRINITY_DN4965_c0_g1_i1:1208-1918 -            237 7058at3041           -            177      0.03   11.6   0.1   1   1   0.00015     0.046   11.0   0.1    43    87    81   127    47   137 0.80 -
#
# Program:         hmmsearch
# Version:         3.2.1 (June 2018)
# Pipeline mode:   SEARCH
# Query file:      /sw/bioinfo/BUSCO/v5_lineage_sets/lineages/chlorophyta_odb10/hmms/7058at3041.hmm
# Target file:     /crex/proj/snic2022-23-81/expression_algae/code/busco/trinity_VA-3180-Osg03Mul/run_chlorophyta_odb10/metaeuk_output/initial_results/trinity_VA-3180-Osg03Mul.Trinity.fasta.modified.fas
# Option settings: hmmsearch --domtblout /crex/proj/snic2022-23-81/expression_algae/code/busco/trinity_VA-3180-Osg03Mul/run_chlorophyta_odb10/hmmer_output/initial_run_results/7058at3041.out --cpu 1 /sw/bioinfo/BUSCO/v5_lineage_sets/lineages/chlorophyta_odb10/hmms/7058at3041.hmm /crex/proj/snic2022-23-81/expression_algae/code/busco/trinity_VA-3180-Osg03Mul/run_chlorophyta_odb10/metaeuk_output/initial_results/trinity_VA-3180-Osg03Mul.Trinity.fasta.modified.fas 
# Current dir:     /crex/proj/snic2022-23-81/expression_algae/code/busco
# Date:            Fri Sep 23 10:11:36 2022
# [ok]
