#                                                                                        --- full sequence --- -------------- this domain -------------   hmm coord   ali coord   env coord
# target name                    accession   tlen query name           accession   qlen   E-value  score  bias   #  of  c-Evalue  i-Evalue  score  bias  from    to  from    to  from    to  acc description of target
#            ------------------- ---------- ----- -------------------- ---------- ----- --------- ------ ----- --- --- --------- --------- ------ ----- ----- ----- ----- ----- ----- ----- ---- ---------------------
TRINITY_DN39503_c0_g1_i1:4-258   -             85 714at3041            -            938   3.8e-27   92.2   2.4   1   2   4.4e-10   2.3e-07   26.7   0.2   874   897     1    24     1    28 0.94 -
TRINITY_DN39503_c0_g1_i1:4-258   -             85 714at3041            -            938   3.8e-27   92.2   2.4   2   2     6e-22   3.2e-19   65.9   0.2   894   930    49    85    37    85 0.93 -
TRINITY_DN16532_c0_g1_i1:33-359  -            109 714at3041            -            938   4.4e-17   58.8   0.0   1   1   9.2e-20   4.8e-17   58.7   0.0   835   938     2   109     1   109 0.92 -
TRINITY_DN923_c0_g1_i4:72-1676   -            535 714at3041            -            938   2.2e-16   56.6   0.0   1   2   1.9e-18     1e-15   54.3   0.0    34   276    89   342    80   380 0.80 -
TRINITY_DN923_c0_g1_i4:72-1676   -            535 714at3041            -            938   2.2e-16   56.6   0.0   2   2    0.0026       1.4    4.3   0.6   171   273   317   425   279   437 0.73 -
TRINITY_DN923_c0_g1_i2:72-1826   -            585 714at3041            -            938   2.9e-16   56.2   0.0   1   2   2.5e-18   1.3e-15   54.0   0.0    35   277    90   343    84   381 0.79 -
TRINITY_DN923_c0_g1_i2:72-1826   -            585 714at3041            -            938   2.9e-16   56.2   0.0   2   2    0.0026       1.3    4.3   0.4   170   273   316   425   275   437 0.73 -
TRINITY_DN6776_c0_g1_i1:4-1413   -            470 714at3041            -            938   0.00085   14.9   2.4   1   3   4.8e-06    0.0025   13.3   0.1    48   135    14    99     3   129 0.79 -
TRINITY_DN6776_c0_g1_i1:4-1413   -            470 714at3041            -            938   0.00085   14.9   2.4   2   3    0.0011       0.6    5.5   0.6    73   214    78   232    77   258 0.75 -
TRINITY_DN6776_c0_g1_i1:4-1413   -            470 714at3041            -            938   0.00085   14.9   2.4   3   3      0.19        98   -1.9   0.0   231   309   350   426   338   435 0.61 -
TRINITY_DN2374_c0_g1_i2:261-1727 -            489 714at3041            -            938    0.0082   11.6   0.6   1   2    0.0028       1.5    4.2   0.3   182   331    98   249    83   274 0.80 -
TRINITY_DN2374_c0_g1_i2:261-1727 -            489 714at3041            -            938    0.0082   11.6   0.6   2   2    0.0013      0.69    5.3   0.0   168   230   305   372   300   436 0.70 -
#
# Program:         hmmsearch
# Version:         3.2.1 (June 2018)
# Pipeline mode:   SEARCH
# Query file:      /sw/bioinfo/BUSCO/v5_lineage_sets/lineages/chlorophyta_odb10/hmms/714at3041.hmm
# Target file:     /crex/proj/snic2022-23-81/expression_algae/code/busco/trinity_VA-3180-Osg03Mul/run_chlorophyta_odb10/metaeuk_output/initial_results/trinity_VA-3180-Osg03Mul.Trinity.fasta.modified.fas
# Option settings: hmmsearch --domtblout /crex/proj/snic2022-23-81/expression_algae/code/busco/trinity_VA-3180-Osg03Mul/run_chlorophyta_odb10/hmmer_output/initial_run_results/714at3041.out --cpu 1 /sw/bioinfo/BUSCO/v5_lineage_sets/lineages/chlorophyta_odb10/hmms/714at3041.hmm /crex/proj/snic2022-23-81/expression_algae/code/busco/trinity_VA-3180-Osg03Mul/run_chlorophyta_odb10/metaeuk_output/initial_results/trinity_VA-3180-Osg03Mul.Trinity.fasta.modified.fas 
# Current dir:     /crex/proj/snic2022-23-81/expression_algae/code/busco
# Date:            Fri Sep 23 10:11:35 2022
# [ok]
