#                                                                                        --- full sequence --- -------------- this domain -------------   hmm coord   ali coord   env coord
# target name                    accession   tlen query name           accession   qlen   E-value  score  bias   #  of  c-Evalue  i-Evalue  score  bias  from    to  from    to  from    to  acc description of target
#            ------------------- ---------- ----- -------------------- ---------- ----- --------- ------ ----- --- --- --------- --------- ------ ----- ----- ----- ----- ----- ----- ----- ---- ---------------------
TRINITY_DN35107_c0_g1_i1:20-775  -            252 7269at3041           -            170   7.1e-67  221.7   0.0   1   1   1.5e-68   4.6e-66  219.1   0.0     1   170     9   203     9   203 0.89 -
TRINITY_DN35107_c0_g1_i2:20-541  -            174 7269at3041           -            170   2.4e-48  161.4   0.0   1   1   1.2e-50   3.7e-48  160.8   0.0    55   170     1   125     1   125 0.94 -
TRINITY_DN652_c0_g2_i1:104-823   -            240 7269at3041           -            170   2.6e-12   44.1   0.1   1   1   1.8e-14   5.5e-12   43.1   0.1    42   159    54   185    35   196 0.80 -
TRINITY_DN10274_c0_g1_i1:282-518 -             79 7269at3041           -            170   9.5e-05   19.5   0.0   1   1   3.3e-07    0.0001   19.4   0.0    99   152    13    72     3    79 0.77 -
TRINITY_DN28180_c0_g1_i1:183-464 -             94 7269at3041           -            170   0.00012   19.2   0.0   1   1   4.3e-07   0.00014   19.0   0.0    99   151    20    78     4    85 0.83 -
TRINITY_DN4875_c0_g1_i1:420-683  -             88 7269at3041           -            170     0.002   15.2   0.0   1   1   6.9e-06    0.0022   15.1   0.0    91   153     5    76     1    84 0.80 -
TRINITY_DN28602_c0_g1_i1:20-286  -             89 7269at3041           -            170    0.0026   14.8   0.0   1   1     1e-05    0.0032   14.5   0.0    99   148    13    68     7    75 0.83 -
TRINITY_DN2300_c0_g1_i1:148-372  -             75 7269at3041           -            170     0.018   12.1   0.0   1   1   5.7e-05     0.018   12.1   0.0    78   125     3    55     1    75 0.76 -
TRINITY_DN5146_c0_g1_i2:252-578  -            109 7269at3041           -            170     0.022   11.8   0.0   1   1    0.0001     0.033   11.2   0.0    77   151     9    96     2    99 0.69 -
TRINITY_DN5146_c0_g1_i3:252-578  -            109 7269at3041           -            170     0.022   11.8   0.0   1   1    0.0001     0.033   11.2   0.0    77   151     9    96     2    99 0.69 -
#
# Program:         hmmsearch
# Version:         3.2.1 (June 2018)
# Pipeline mode:   SEARCH
# Query file:      /sw/bioinfo/BUSCO/v5_lineage_sets/lineages/chlorophyta_odb10/hmms/7269at3041.hmm
# Target file:     /crex/proj/snic2022-23-81/expression_algae/code/busco/trinity_VA-3180-Osg03Mul/run_chlorophyta_odb10/metaeuk_output/initial_results/trinity_VA-3180-Osg03Mul.Trinity.fasta.modified.fas
# Option settings: hmmsearch --domtblout /crex/proj/snic2022-23-81/expression_algae/code/busco/trinity_VA-3180-Osg03Mul/run_chlorophyta_odb10/hmmer_output/initial_run_results/7269at3041.out --cpu 1 /sw/bioinfo/BUSCO/v5_lineage_sets/lineages/chlorophyta_odb10/hmms/7269at3041.hmm /crex/proj/snic2022-23-81/expression_algae/code/busco/trinity_VA-3180-Osg03Mul/run_chlorophyta_odb10/metaeuk_output/initial_results/trinity_VA-3180-Osg03Mul.Trinity.fasta.modified.fas 
# Current dir:     /crex/proj/snic2022-23-81/expression_algae/code/busco
# Date:            Fri Sep 23 10:11:36 2022
# [ok]
