#                                                                                         --- full sequence --- -------------- this domain -------------   hmm coord   ali coord   env coord
# target name                     accession   tlen query name           accession   qlen   E-value  score  bias   #  of  c-Evalue  i-Evalue  score  bias  from    to  from    to  from    to  acc description of target
#             ------------------- ---------- ----- -------------------- ---------- ----- --------- ------ ----- --- --- --------- --------- ------ ----- ----- ----- ----- ----- ----- ----- ---- ---------------------
TRINITY_DN4897_c0_g1_i1:4-738     -            245 796at3041            -           1444   5.6e-58  193.6   0.6   1   2   7.8e-43     3e-40  134.8   0.9    97   221     2   153     1   163 0.84 -
TRINITY_DN4897_c0_g1_i1:4-738     -            245 796at3041            -           1444   5.6e-58  193.6   0.6   2   2   3.3e-19   1.3e-16   56.5   0.0   220   284   176   245   172   245 0.90 -
TRINITY_DN34024_c0_g1_i1:19-483   -            155 796at3041            -           1444   8.8e-11   37.2   0.8   1   3   6.4e-07   0.00025   15.8   0.1  1383  1433     8    57     3    65 0.84 -
TRINITY_DN34024_c0_g1_i1:19-483   -            155 796at3041            -           1444   8.8e-11   37.2   0.8   2   3   3.1e-06    0.0012   13.5   0.0  1191  1244    62   115    57   120 0.86 -
TRINITY_DN34024_c0_g1_i1:19-483   -            155 796at3041            -           1444   8.8e-11   37.2   0.8   3   3   0.00052       0.2    6.2   0.0  1205  1238   120   154   116   155 0.89 -
TRINITY_DN27222_c0_g1_i1:5-181    -             59 796at3041            -           1444   8.6e-05   17.3   0.0   1   1   2.9e-07   0.00011   17.0   0.0  1188  1234    10    55     2    58 0.82 -
TRINITY_DN13853_c0_g1_i1:13-447   -            145 796at3041            -           1444   0.00043   15.0   0.0   1   1   1.3e-06   0.00051   14.8   0.0  1358  1430    35   107    22   117 0.83 -
TRINITY_DN37519_c0_g1_i2:5-1297   -            431 796at3041            -           1444   0.00046   14.9   5.0   1   2    0.0011      0.41    5.1   2.4  1208  1432    78   298    70   310 0.53 -
TRINITY_DN37519_c0_g1_i2:5-1297   -            431 796at3041            -           1444   0.00046   14.9   5.0   2   2   6.5e-06    0.0025   12.5   0.9  1186  1394   182   410   160   426 0.70 -
TRINITY_DN15445_c0_g1_i1:240-1724 -            495 796at3041            -           1444    0.0011   13.6   0.0   1   1   3.9e-06    0.0015   13.2   0.0  1046  1089   409   452   356   457 0.83 -
TRINITY_DN25003_c0_g1_i1:3-470    -            156 796at3041            -           1444     0.094    7.3   3.1   1   1   0.00049      0.19    6.2   3.1  1192  1258    64   126    15   144 0.69 -
TRINITY_DN9559_c0_g2_i1:334-1026  -            231 796at3041            -           1444        10    0.6  11.0   1   1     0.032        13    0.2  11.0  1127  1182   114   171   103   179 0.47 -
#
# Program:         hmmsearch
# Version:         3.2.1 (June 2018)
# Pipeline mode:   SEARCH
# Query file:      /sw/bioinfo/BUSCO/v5_lineage_sets/lineages/chlorophyta_odb10/hmms/796at3041.hmm
# Target file:     /crex/proj/snic2022-23-81/expression_algae/code/busco/trinity_VA-3180-Osg03Mul/run_chlorophyta_odb10/metaeuk_output/initial_results/trinity_VA-3180-Osg03Mul.Trinity.fasta.modified.fas
# Option settings: hmmsearch --domtblout /crex/proj/snic2022-23-81/expression_algae/code/busco/trinity_VA-3180-Osg03Mul/run_chlorophyta_odb10/hmmer_output/initial_run_results/796at3041.out --cpu 1 /sw/bioinfo/BUSCO/v5_lineage_sets/lineages/chlorophyta_odb10/hmms/796at3041.hmm /crex/proj/snic2022-23-81/expression_algae/code/busco/trinity_VA-3180-Osg03Mul/run_chlorophyta_odb10/metaeuk_output/initial_results/trinity_VA-3180-Osg03Mul.Trinity.fasta.modified.fas 
# Current dir:     /crex/proj/snic2022-23-81/expression_algae/code/busco
# Date:            Fri Sep 23 10:11:35 2022
# [ok]
