#                                                                                         --- full sequence --- -------------- this domain -------------   hmm coord   ali coord   env coord
# target name                     accession   tlen query name           accession   qlen   E-value  score  bias   #  of  c-Evalue  i-Evalue  score  bias  from    to  from    to  from    to  acc description of target
#             ------------------- ---------- ----- -------------------- ---------- ----- --------- ------ ----- --- --- --------- --------- ------ ----- ----- ----- ----- ----- ----- ----- ---- ---------------------
TRINITY_DN10186_c0_g1_i2:124-1620 -            499 803at3041            -            404    1e-212  703.7   0.2   1   2   2.7e-16   1.7e-13   47.7   0.0    10    86    31   135    25   146 0.75 -
TRINITY_DN10186_c0_g1_i2:124-1620 -            499 803at3041            -            404    1e-212  703.7   0.2   2   2  1.7e-200  1.1e-197  654.3   0.0    83   404   156   497   146   497 0.95 -
TRINITY_DN34716_c0_g1_i1:263-1096 -            278 803at3041            -            404   1.4e-33  113.8   0.0   1   2   3.2e-12     2e-09   34.3   0.0   136   197    48   108    42   115 0.90 -
TRINITY_DN34716_c0_g1_i1:263-1096 -            278 803at3041            -            404   1.4e-33  113.8   0.0   2   2   1.9e-25   1.2e-22   77.8   0.0   234   385   115   276   109   278 0.82 -
TRINITY_DN35852_c0_g1_i1:131-1450 -            440 803at3041            -            404   2.1e-15   54.0   0.1   1   2     0.011       6.7    2.9   0.0   171   198   138   165   100   168 0.83 -
TRINITY_DN35852_c0_g1_i1:131-1450 -            440 803at3041            -            404   2.1e-15   54.0   0.1   2   2   8.3e-17   5.2e-14   49.4   0.0   236   386   167   325   163   333 0.76 -
TRINITY_DN1410_c0_g1_i2:175-1413  -            413 803at3041            -            404   0.00027   17.4   0.0   1   2   0.00012     0.075    9.3   0.0   261   288   156   183   148   217 0.78 -
TRINITY_DN1410_c0_g1_i2:175-1413  -            413 803at3041            -            404   0.00027   17.4   0.0   2   2    0.0013      0.81    5.9   0.0   365   386   386   407   333   411 0.85 -
TRINITY_DN1410_c0_g1_i1:175-1674  -            500 803at3041            -            404   0.00043   16.7   0.0   1   2   0.00015     0.097    9.0   0.0   261   288   243   270   235   304 0.78 -
TRINITY_DN1410_c0_g1_i1:175-1674  -            500 803at3041            -            404   0.00043   16.7   0.0   2   2    0.0017         1    5.6   0.0   365   386   473   494   420   498 0.85 -
#
# Program:         hmmsearch
# Version:         3.2.1 (June 2018)
# Pipeline mode:   SEARCH
# Query file:      /sw/bioinfo/BUSCO/v5_lineage_sets/lineages/chlorophyta_odb10/hmms/803at3041.hmm
# Target file:     /crex/proj/snic2022-23-81/expression_algae/code/busco/trinity_VA-3180-Osg03Mul/run_chlorophyta_odb10/metaeuk_output/initial_results/trinity_VA-3180-Osg03Mul.Trinity.fasta.modified.fas
# Option settings: hmmsearch --domtblout /crex/proj/snic2022-23-81/expression_algae/code/busco/trinity_VA-3180-Osg03Mul/run_chlorophyta_odb10/hmmer_output/initial_run_results/803at3041.out --cpu 1 /sw/bioinfo/BUSCO/v5_lineage_sets/lineages/chlorophyta_odb10/hmms/803at3041.hmm /crex/proj/snic2022-23-81/expression_algae/code/busco/trinity_VA-3180-Osg03Mul/run_chlorophyta_odb10/metaeuk_output/initial_results/trinity_VA-3180-Osg03Mul.Trinity.fasta.modified.fas 
# Current dir:     /crex/proj/snic2022-23-81/expression_algae/code/busco
# Date:            Fri Sep 23 10:11:36 2022
# [ok]
