#                                                                                         --- full sequence --- -------------- this domain -------------   hmm coord   ali coord   env coord
# target name                     accession   tlen query name           accession   qlen   E-value  score  bias   #  of  c-Evalue  i-Evalue  score  bias  from    to  from    to  from    to  acc description of target
#             ------------------- ---------- ----- -------------------- ---------- ----- --------- ------ ----- --- --- --------- --------- ------ ----- ----- ----- ----- ----- ----- ----- ---- ---------------------
TRINITY_DN34899_c0_g1_i1:515-1252 -            246 926at3041            -            478   3.5e-48  161.9  45.6   1   1   3.9e-50   1.5e-47  159.8  45.6   271   476     1   246     1   246 0.81 -
TRINITY_DN9837_c0_g1_i1:217-741   -            175 926at3041            -            478   6.6e-16   55.5   1.5   1   2   1.2e-07   4.5e-05   19.8   0.1    62   129    35   104     3   111 0.72 -
TRINITY_DN9837_c0_g1_i1:217-741   -            175 926at3041            -            478   6.6e-16   55.5   1.5   2   2   2.1e-12   8.4e-10   35.4   0.3    21    71   118   175   105   175 0.83 -
TRINITY_DN7014_c0_g1_i2:77-643    -            189 926at3041            -            478   3.1e-14   50.0   2.3   1   2   2.3e-11   8.8e-09   32.0   0.2    68   128    66   124    57   130 0.92 -
TRINITY_DN7014_c0_g1_i2:77-643    -            189 926at3041            -            478   3.1e-14   50.0   2.3   2   2   3.6e-07   0.00014   18.1   0.2   122   161   139   178   126   186 0.85 -
TRINITY_DN7014_c0_g1_i1:130-534   -            135 926at3041            -            478   4.2e-10   36.4   0.1   1   1   1.5e-12   5.8e-10   35.9   0.1    68   128    66   124    57   129 0.92 -
TRINITY_DN7699_c0_g2_i1:33-854    -            274 926at3041            -            478   5.2e-06   22.8   1.6   1   1   1.9e-08   7.3e-06   22.4   1.6   379   427   227   274   223   274 0.91 -
TRINITY_DN13108_c0_g1_i1:2-124    -             41 926at3041            -            478   3.7e-05   20.0   0.9   1   1   9.7e-08   3.8e-05   20.0   0.9   382   421     3    41     1    41 0.85 -
TRINITY_DN12590_c0_g1_i1:352-456  -             35 926at3041            -            478   0.00093   15.4   0.8   1   1   2.4e-06   0.00093   15.4   0.8   400   423    12    35     4    35 0.94 -
TRINITY_DN11674_c0_g1_i1:2-127    -             42 926at3041            -            478     0.095    8.8   7.9   1   1   0.00025     0.096    8.8   7.9   383   420     3    42     1    42 0.77 -
#
# Program:         hmmsearch
# Version:         3.2.1 (June 2018)
# Pipeline mode:   SEARCH
# Query file:      /sw/bioinfo/BUSCO/v5_lineage_sets/lineages/chlorophyta_odb10/hmms/926at3041.hmm
# Target file:     /crex/proj/snic2022-23-81/expression_algae/code/busco/trinity_VA-3180-Osg03Mul/run_chlorophyta_odb10/metaeuk_output/initial_results/trinity_VA-3180-Osg03Mul.Trinity.fasta.modified.fas
# Option settings: hmmsearch --domtblout /crex/proj/snic2022-23-81/expression_algae/code/busco/trinity_VA-3180-Osg03Mul/run_chlorophyta_odb10/hmmer_output/initial_run_results/926at3041.out --cpu 1 /sw/bioinfo/BUSCO/v5_lineage_sets/lineages/chlorophyta_odb10/hmms/926at3041.hmm /crex/proj/snic2022-23-81/expression_algae/code/busco/trinity_VA-3180-Osg03Mul/run_chlorophyta_odb10/metaeuk_output/initial_results/trinity_VA-3180-Osg03Mul.Trinity.fasta.modified.fas 
# Current dir:     /crex/proj/snic2022-23-81/expression_algae/code/busco
# Date:            Fri Sep 23 10:11:37 2022
# [ok]
