#                                                                                        --- full sequence --- -------------- this domain -------------   hmm coord   ali coord   env coord
# target name                    accession   tlen query name           accession   qlen   E-value  score  bias   #  of  c-Evalue  i-Evalue  score  bias  from    to  from    to  from    to  acc description of target
#            ------------------- ---------- ----- -------------------- ---------- ----- --------- ------ ----- --- --- --------- --------- ------ ----- ----- ----- ----- ----- ----- ----- ---- ---------------------
TRINITY_DN30539_c0_g1_i1:4-552   -            183 9651at3041           -             69   3.4e-26   88.3  12.4   1   1   3.6e-27   1.4e-24   83.2  12.4     2    68    62   141    61   142 0.89 -
TRINITY_DN28346_c0_g1_i1:13-318  -            102 9651at3041           -             69     0.031   11.6   3.2   1   1   0.00033      0.13    9.6   3.2    27    52    56    81    24    90 0.65 -
TRINITY_DN1817_c0_g1_i1:270-817  -            159 9651at3041           -             69      0.04   11.2   8.4   1   2   0.00012     0.045   11.0   2.2     2    27    17    40    16    44 0.85 -
TRINITY_DN1817_c0_g1_i1:270-817  -            159 9651at3041           -             69      0.04   11.2   8.4   2   2     0.022       8.4    3.8   0.5    27    36    53    62    48    69 0.83 -
TRINITY_DN1817_c0_g1_i2:270-746  -            159 9651at3041           -             69      0.04   11.2   8.4   1   2   0.00012     0.045   11.0   2.2     2    27    17    40    16    44 0.85 -
TRINITY_DN1817_c0_g1_i2:270-746  -            159 9651at3041           -             69      0.04   11.2   8.4   2   2     0.022       8.4    3.8   0.5    27    36    53    62    48    69 0.83 -
TRINITY_DN1811_c0_g1_i1:404-625  -             74 9651at3041           -             69      0.14    9.5   8.0   1   1     0.004       1.6    6.1   7.9     2    49     6    44     5    55 0.75 -
TRINITY_DN1811_c0_g1_i3:404-559  -             52 9651at3041           -             69       0.2    9.0   9.3   1   2   0.00084      0.33    8.3   6.6     2    47     6    42     5    48 0.73 -
TRINITY_DN1811_c0_g1_i3:404-559  -             52 9651at3041           -             69       0.2    9.0   9.3   2   2      0.11        43    1.5   0.4    28    34    46    52    43    52 0.79 -
TRINITY_DN15400_c0_g1_i1:159-350 -             64 9651at3041           -             69       5.1    4.5  15.8   1   2     0.038        15    3.0   2.0    28    38     5    15     2    29 0.81 -
TRINITY_DN15400_c0_g1_i1:159-350 -             64 9651at3041           -             69       5.1    4.5  15.8   2   2      0.13        51    1.3   9.2    26    37    52    63    20    64 0.74 -
TRINITY_DN17366_c0_g1_i1:126-275 -             50 9651at3041           -             69       5.3    4.4  15.4   1   1      0.21        80    0.6  15.4     2    28     6    30     5    50 0.84 -
#
# Program:         hmmsearch
# Version:         3.2.1 (June 2018)
# Pipeline mode:   SEARCH
# Query file:      /sw/bioinfo/BUSCO/v5_lineage_sets/lineages/chlorophyta_odb10/hmms/9651at3041.hmm
# Target file:     /crex/proj/snic2022-23-81/expression_algae/code/busco/trinity_VA-3180-Osg03Mul/run_chlorophyta_odb10/metaeuk_output/initial_results/trinity_VA-3180-Osg03Mul.Trinity.fasta.modified.fas
# Option settings: hmmsearch --domtblout /crex/proj/snic2022-23-81/expression_algae/code/busco/trinity_VA-3180-Osg03Mul/run_chlorophyta_odb10/hmmer_output/initial_run_results/9651at3041.out --cpu 1 /sw/bioinfo/BUSCO/v5_lineage_sets/lineages/chlorophyta_odb10/hmms/9651at3041.hmm /crex/proj/snic2022-23-81/expression_algae/code/busco/trinity_VA-3180-Osg03Mul/run_chlorophyta_odb10/metaeuk_output/initial_results/trinity_VA-3180-Osg03Mul.Trinity.fasta.modified.fas 
# Current dir:     /crex/proj/snic2022-23-81/expression_algae/code/busco
# Date:            Fri Sep 23 10:11:37 2022
# [ok]
