#                                                                                        --- full sequence --- -------------- this domain -------------   hmm coord   ali coord   env coord
# target name                    accession   tlen query name           accession   qlen   E-value  score  bias   #  of  c-Evalue  i-Evalue  score  bias  from    to  from    to  from    to  acc description of target
#            ------------------- ---------- ----- -------------------- ---------- ----- --------- ------ ----- --- --- --------- --------- ------ ----- ----- ----- ----- ----- ----- ----- ---- ---------------------
TRINITY_DN445_c0_g1_i18:310-1980 -            557 72at3041             -           1030     4e-27   91.2   0.1   1   3   1.6e-09   5.7e-07   24.5   0.0   553   628    71   144    55   157 0.84 -
TRINITY_DN445_c0_g1_i18:310-1980 -            557 72at3041             -           1030     4e-27   91.2   0.1   2   3   9.2e-07   0.00033   15.3   0.0   773   861   242   321   215   343 0.72 -
TRINITY_DN445_c0_g1_i18:310-1980 -            557 72at3041             -           1030     4e-27   91.2   0.1   3   3   1.4e-16   5.2e-14   47.8   0.0   899  1009   437   544   425   556 0.88 -
TRINITY_DN445_c0_g1_i4:310-1980  -            557 72at3041             -           1030     4e-27   91.2   0.1   1   3   1.6e-09   5.7e-07   24.5   0.0   553   628    71   144    55   157 0.84 -
TRINITY_DN445_c0_g1_i4:310-1980  -            557 72at3041             -           1030     4e-27   91.2   0.1   2   3   9.2e-07   0.00033   15.3   0.0   773   861   242   321   215   343 0.72 -
TRINITY_DN445_c0_g1_i4:310-1980  -            557 72at3041             -           1030     4e-27   91.2   0.1   3   3   1.4e-16   5.2e-14   47.8   0.0   899  1009   437   544   425   556 0.88 -
TRINITY_DN16882_c0_g1_i2:7-441   -            145 72at3041             -           1030    0.0098   10.5   0.0   1   1     3e-05     0.011   10.3   0.0   565   591     3    29     1    54 0.87 -
TRINITY_DN60974_c0_g1_i1:61-543  -            161 72at3041             -           1030     0.014    9.9   0.0   1   1   5.3e-05     0.019    9.5   0.0   552   586    13    47     4    52 0.88 -
TRINITY_DN59460_c0_g1_i1:2-589   -            196 72at3041             -           1030     0.023    9.2   0.0   1   1     7e-05     0.025    9.1   0.0   550   580   163   194   125   196 0.85 -
TRINITY_DN4870_c0_g1_i1:14-520   -            169 72at3041             -           1030     0.028    9.0   0.0   1   1   8.2e-05      0.03    8.9   0.0   549   581    26    57     7    93 0.83 -
#
# Program:         hmmsearch
# Version:         3.2.1 (June 2018)
# Pipeline mode:   SEARCH
# Query file:      /sw/bioinfo/BUSCO/v5_lineage_sets/lineages/chlorophyta_odb10/hmms/72at3041.hmm
# Target file:     /crex/proj/snic2022-23-81/expression_algae/code/busco/trinity_VA-3180-Osg10Pal/run_chlorophyta_odb10/metaeuk_output/rerun_results/trinity_VA-3180-Osg10Pal.Trinity.fasta.modified.fas
# Option settings: hmmsearch --domtblout /crex/proj/snic2022-23-81/expression_algae/code/busco/trinity_VA-3180-Osg10Pal/run_chlorophyta_odb10/hmmer_output/rerun_results/72at3041.out --cpu 1 /sw/bioinfo/BUSCO/v5_lineage_sets/lineages/chlorophyta_odb10/hmms/72at3041.hmm /crex/proj/snic2022-23-81/expression_algae/code/busco/trinity_VA-3180-Osg10Pal/run_chlorophyta_odb10/metaeuk_output/rerun_results/trinity_VA-3180-Osg10Pal.Trinity.fasta.modified.fas 
# Current dir:     /crex/proj/snic2022-23-81/expression_algae/code/busco
# Date:            Fri Sep 23 10:14:16 2022
# [ok]
