#                                                                                         --- full sequence --- -------------- this domain -------------   hmm coord   ali coord   env coord
# target name                     accession   tlen query name           accession   qlen   E-value  score  bias   #  of  c-Evalue  i-Evalue  score  bias  from    to  from    to  from    to  acc description of target
#             ------------------- ---------- ----- -------------------- ---------- ----- --------- ------ ----- --- --- --------- --------- ------ ----- ----- ----- ----- ----- ----- ----- ---- ---------------------
TRINITY_DN377_c0_g2_i1:393-1133   -            247 3540at3041           -            313   0.00011   17.8   0.0   1   1     1e-06    0.0002   16.9   0.0   133   193    86   146    75   241 0.62 -
TRINITY_DN258_c1_g1_i10:1048-1845 -            266 3540at3041           -            313   0.00012   17.6   0.1   1   2      0.32        62   -1.1   0.0   227   283     6    63     2    89 0.71 -
TRINITY_DN258_c1_g1_i10:1048-1845 -            266 3540at3041           -            313   0.00012   17.6   0.1   2   2   1.6e-06   0.00031   16.3   0.0   144   179    90   125    82   187 0.87 -
TRINITY_DN258_c1_g1_i13:1067-1864 -            266 3540at3041           -            313   0.00012   17.6   0.1   1   2      0.32        62   -1.1   0.0   227   283     6    63     2    89 0.71 -
TRINITY_DN258_c1_g1_i13:1067-1864 -            266 3540at3041           -            313   0.00012   17.6   0.1   2   2   1.6e-06   0.00031   16.3   0.0   144   179    90   125    82   187 0.87 -
TRINITY_DN258_c1_g1_i6:1875-2672  -            266 3540at3041           -            313   0.00012   17.6   0.1   1   2      0.32        62   -1.1   0.0   227   283     6    63     2    89 0.71 -
TRINITY_DN258_c1_g1_i6:1875-2672  -            266 3540at3041           -            313   0.00012   17.6   0.1   2   2   1.6e-06   0.00031   16.3   0.0   144   179    90   125    82   187 0.87 -
TRINITY_DN258_c1_g1_i9:1875-2528  -            218 3540at3041           -            313   0.00019   17.0   0.0   1   1   1.1e-06   0.00022   16.8   0.0   144   180    42    78    37   141 0.85 -
TRINITY_DN29583_c0_g1_i1:20-571   -            184 3540at3041           -            313   0.00052   15.5   0.1   1   1     5e-06   0.00098   14.7   0.1   145   182     8    44     4   153 0.82 -
TRINITY_DN16815_c0_g1_i1:265-1134 -            290 3540at3041           -            313    0.0013   14.2   2.1   1   2   9.9e-06    0.0019   13.7   1.1   157   268   110   236    97   258 0.71 -
TRINITY_DN16815_c0_g1_i1:265-1134 -            290 3540at3041           -            313    0.0013   14.2   2.1   2   2      0.46        91   -1.7   0.1   243   281   237   274   217   278 0.68 -
TRINITY_DN4061_c0_g1_i4:204-608   -            135 3540at3041           -            313     0.013   10.9   0.0   1   1   0.00013     0.025   10.0   0.0   162   197     1    37     1    40 0.88 -
#
# Program:         hmmsearch
# Version:         3.2.1 (June 2018)
# Pipeline mode:   SEARCH
# Query file:      /sw/bioinfo/BUSCO/v5_lineage_sets/lineages/chlorophyta_odb10/hmms/3540at3041.hmm
# Target file:     /crex/proj/snic2022-23-81/expression_algae/code/busco/trinity_VA-3180-Osg12Mul/run_chlorophyta_odb10/metaeuk_output/rerun_results/trinity_VA-3180-Osg12Mul.Trinity.fasta.modified.fas
# Option settings: hmmsearch --domtblout /crex/proj/snic2022-23-81/expression_algae/code/busco/trinity_VA-3180-Osg12Mul/run_chlorophyta_odb10/hmmer_output/rerun_results/3540at3041.out --cpu 1 /sw/bioinfo/BUSCO/v5_lineage_sets/lineages/chlorophyta_odb10/hmms/3540at3041.hmm /crex/proj/snic2022-23-81/expression_algae/code/busco/trinity_VA-3180-Osg12Mul/run_chlorophyta_odb10/metaeuk_output/rerun_results/trinity_VA-3180-Osg12Mul.Trinity.fasta.modified.fas 
# Current dir:     /crex/proj/snic2022-23-81/expression_algae/code/busco
# Date:            Fri Sep 23 10:13:33 2022
# [ok]
