#                                                                                         --- full sequence --- -------------- this domain -------------   hmm coord   ali coord   env coord
# target name                     accession   tlen query name           accession   qlen   E-value  score  bias   #  of  c-Evalue  i-Evalue  score  bias  from    to  from    to  from    to  acc description of target
#             ------------------- ---------- ----- -------------------- ---------- ----- --------- ------ ----- --- --- --------- --------- ------ ----- ----- ----- ----- ----- ----- ----- ---- ---------------------
TRINITY_DN6922_c0_g1_i1:134-397   -             88 4975at3041           -            302   5.7e-32  107.4   0.0   1   1     3e-34   6.8e-32  107.1   0.0   160   233    10    85     4    87 0.92 -
TRINITY_DN3618_c0_g1_i2:292-1173  -            294 4975at3041           -            302   9.6e-10   34.4   0.0   1   1   8.9e-12     2e-09   33.4   0.0    43   180    47   200    37   240 0.72 -
TRINITY_DN11122_c0_g1_i1:878-1912 -            345 4975at3041           -            302   1.7e-09   33.6   0.0   1   2   0.00074      0.17    7.4   0.0    43    89    32    79    18    88 0.77 -
TRINITY_DN11122_c0_g1_i1:878-1912 -            345 4975at3041           -            302   1.7e-09   33.6   0.0   2   2   8.4e-09   1.9e-06   23.6   0.0   103   155   113   166    98   182 0.86 -
TRINITY_DN1455_c0_g1_i1:537-1610  -            358 4975at3041           -            302   5.2e-09   32.0   0.0   1   2   0.00093      0.21    7.0   0.0    45    90    33    79    15    94 0.83 -
TRINITY_DN1455_c0_g1_i1:537-1610  -            358 4975at3041           -            302   5.2e-09   32.0   0.0   2   2   1.3e-08     3e-06   22.9   0.0   106   154   115   164    96   182 0.81 -
TRINITY_DN1455_c0_g1_i2:653-1726  -            358 4975at3041           -            302   5.2e-09   32.0   0.0   1   2   0.00093      0.21    7.0   0.0    45    90    33    79    15    94 0.83 -
TRINITY_DN1455_c0_g1_i2:653-1726  -            358 4975at3041           -            302   5.2e-09   32.0   0.0   2   2   1.3e-08     3e-06   22.9   0.0   106   154   115   164    96   182 0.81 -
TRINITY_DN7239_c0_g1_i2:64-1164   -            367 4975at3041           -            302   1.5e-06   23.9   0.0   1   2     0.081        18    0.7   0.0    34    85    48    99    41   110 0.78 -
TRINITY_DN7239_c0_g1_i2:64-1164   -            367 4975at3041           -            302   1.5e-06   23.9   0.0   2   2   4.6e-07    0.0001   17.9   0.0   101   300   134   366   128   367 0.66 -
TRINITY_DN7239_c0_g1_i1:228-914   -            229 4975at3041           -            302   3.8e-05   19.3   0.0   1   2     0.037       8.3    1.8   0.0    34    85    48    99    41   111 0.78 -
TRINITY_DN7239_c0_g1_i1:228-914   -            229 4975at3041           -            302   3.8e-05   19.3   0.0   2   2   2.5e-06   0.00057   15.4   0.0   101   152   134   186   121   200 0.88 -
#
# Program:         hmmsearch
# Version:         3.2.1 (June 2018)
# Pipeline mode:   SEARCH
# Query file:      /sw/bioinfo/BUSCO/v5_lineage_sets/lineages/chlorophyta_odb10/hmms/4975at3041.hmm
# Target file:     /crex/proj/snic2022-23-81/expression_algae/code/busco/trinity_VA-3180-Osg12Mul/run_chlorophyta_odb10/metaeuk_output/rerun_results/trinity_VA-3180-Osg12Mul.Trinity.fasta.modified.fas
# Option settings: hmmsearch --domtblout /crex/proj/snic2022-23-81/expression_algae/code/busco/trinity_VA-3180-Osg12Mul/run_chlorophyta_odb10/hmmer_output/rerun_results/4975at3041.out --cpu 1 /sw/bioinfo/BUSCO/v5_lineage_sets/lineages/chlorophyta_odb10/hmms/4975at3041.hmm /crex/proj/snic2022-23-81/expression_algae/code/busco/trinity_VA-3180-Osg12Mul/run_chlorophyta_odb10/metaeuk_output/rerun_results/trinity_VA-3180-Osg12Mul.Trinity.fasta.modified.fas 
# Current dir:     /crex/proj/snic2022-23-81/expression_algae/code/busco
# Date:            Fri Sep 23 10:13:36 2022
# [ok]
