#                                                                                        --- full sequence --- -------------- this domain -------------   hmm coord   ali coord   env coord
# target name                    accession   tlen query name           accession   qlen   E-value  score  bias   #  of  c-Evalue  i-Evalue  score  bias  from    to  from    to  from    to  acc description of target
#            ------------------- ---------- ----- -------------------- ---------- ----- --------- ------ ----- --- --- --------- --------- ------ ----- ----- ----- ----- ----- ----- ----- ---- ---------------------
TRINITY_DN55985_c0_g1_i1:2-265   -             88 10566at3041          -             67   1.2e-38  129.6   2.0   1   1   2.2e-41   2.2e-38  128.8   2.0     2    67     6    84     5    84 0.92 -
TRINITY_DN1025_c0_g1_i3:0-302    -            101 10566at3041          -             67   1.7e-06   26.6   0.1   1   2   3.7e-07   0.00037   19.1   0.0    30    53    27    50     7    53 0.81 -
TRINITY_DN1025_c0_g1_i3:0-302    -            101 10566at3041          -             67   1.7e-06   26.6   0.1   2   2    0.0067       6.6    5.5   0.1    47    64    61    78    58    81 0.87 -
TRINITY_DN1025_c0_g1_i1:0-386    -            129 10566at3041          -             67     3e-06   25.8   0.0   1   2   5.8e-07   0.00058   18.5   0.0    30    53    27    50     7    54 0.82 -
TRINITY_DN1025_c0_g1_i1:0-386    -            129 10566at3041          -             67     3e-06   25.8   0.0   2   2    0.0083       8.2    5.2   0.0    41    64    83   106    79   109 0.82 -
TRINITY_DN11214_c0_g1_i1:456-665 -             70 10566at3041          -             67   3.4e-06   25.6   0.1   1   1   4.3e-09   4.3e-06   25.3   0.1    16    65     4    58     2    60 0.72 -
TRINITY_DN7198_c0_g1_i1:69-284   -             72 10566at3041          -             67   3.6e-05   22.3   1.2   1   1   1.8e-07   0.00018   20.1   1.2    30    64    24    67     2    70 0.62 -
TRINITY_DN41660_c0_g1_i1:127-348 -             74 10566at3041          -             67     0.012   14.3   0.1   1   1   1.5e-05     0.015   13.9   0.1    28    66    21    65     4    66 0.74 -
TRINITY_DN5272_c0_g1_i1:319-630  -            104 10566at3041          -             67     0.044   12.4   0.3   1   2   0.00012      0.12   11.1   0.0    30    50    30    50    12    53 0.87 -
TRINITY_DN5272_c0_g1_i1:319-630  -            104 10566at3041          -             67     0.044   12.4   0.3   2   2      0.76   7.6e+02   -1.1   0.1    48    66    62    80    59    81 0.80 -
#
# Program:         hmmsearch
# Version:         3.2.1 (June 2018)
# Pipeline mode:   SEARCH
# Query file:      /sw/bioinfo/BUSCO/v5_lineage_sets/lineages/chlorophyta_odb10/hmms/10566at3041.hmm
# Target file:     /crex/proj/snic2022-23-81/expression_algae/code/busco/trinity_VA-3180-Osg10Sin/run_chlorophyta_odb10/metaeuk_output/initial_results/trinity_VA-3180-Osg10Sin.Trinity.fasta.modified.fas
# Option settings: hmmsearch --domtblout /crex/proj/snic2022-23-81/expression_algae/code/busco/trinity_VA-3180-Osg10Sin/run_chlorophyta_odb10/hmmer_output/initial_run_results/10566at3041.out --cpu 1 /sw/bioinfo/BUSCO/v5_lineage_sets/lineages/chlorophyta_odb10/hmms/10566at3041.hmm /crex/proj/snic2022-23-81/expression_algae/code/busco/trinity_VA-3180-Osg10Sin/run_chlorophyta_odb10/metaeuk_output/initial_results/trinity_VA-3180-Osg10Sin.Trinity.fasta.modified.fas 
# Current dir:     /crex/proj/snic2022-23-81/expression_algae/code/busco
# Date:            Fri Sep 23 10:12:36 2022
# [ok]
