#                                                                                         --- full sequence --- -------------- this domain -------------   hmm coord   ali coord   env coord
# target name                     accession   tlen query name           accession   qlen   E-value  score  bias   #  of  c-Evalue  i-Evalue  score  bias  from    to  from    to  from    to  acc description of target
#             ------------------- ---------- ----- -------------------- ---------- ----- --------- ------ ----- --- --- --------- --------- ------ ----- ----- ----- ----- ----- ----- ----- ---- ---------------------
TRINITY_DN7039_c0_g1_i3:21-1277   -            419 1090at3041           -            369   3.4e-24   84.3   1.2   1   1   3.4e-27   4.8e-24   83.8   0.8   150   361   163   383    66   387 0.89 -
TRINITY_DN47293_c0_g1_i1:174-1457 -            428 1090at3041           -            369     3e-06   25.2   1.1   1   3     0.043        59    1.3   0.0   294   339    88   133    60   139 0.84 -
TRINITY_DN47293_c0_g1_i1:174-1457 -            428 1090at3041           -            369     3e-06   25.2   1.1   2   3      0.27   3.7e+02   -1.4   0.0    72   100   255   287   247   295 0.63 -
TRINITY_DN47293_c0_g1_i1:174-1457 -            428 1090at3041           -            369     3e-06   25.2   1.1   3   3   3.3e-08   4.6e-05   21.4   0.1   276   361   310   393   282   399 0.89 -
TRINITY_DN3404_c0_g1_i1:2-1674    -            460 1090at3041           -            369   0.00055   17.8   0.1   1   2      0.12   1.7e+02   -0.3   0.0   272   317   148   196   136   201 0.78 -
TRINITY_DN3404_c0_g1_i1:2-1674    -            460 1090at3041           -            369   0.00055   17.8   0.1   2   2   2.5e-06    0.0035   15.2   0.0   299   364   356   421   333   425 0.92 -
TRINITY_DN3404_c0_g1_i2:2-1417    -            472 1090at3041           -            369    0.0006   17.7   0.2   1   2      0.13   1.8e+02   -0.3   0.0   272   317   160   208   148   213 0.78 -
TRINITY_DN3404_c0_g1_i2:2-1417    -            472 1090at3041           -            369    0.0006   17.7   0.2   2   2   2.6e-06    0.0037   15.1   0.0   299   364   368   433   346   437 0.91 -
TRINITY_DN34730_c0_g1_i2:183-1244 -            354 1090at3041           -            369     0.035   11.9   0.0   1   2      0.13   1.8e+02   -0.3   0.0    96   126   172   202   158   209 0.87 -
TRINITY_DN34730_c0_g1_i2:183-1244 -            354 1090at3041           -            369     0.035   11.9   0.0   2   2   0.00013      0.18    9.5   0.0   287   362   261   340   232   344 0.80 -
#
# Program:         hmmsearch
# Version:         3.2.1 (June 2018)
# Pipeline mode:   SEARCH
# Query file:      /sw/bioinfo/BUSCO/v5_lineage_sets/lineages/chlorophyta_odb10/hmms/1090at3041.hmm
# Target file:     /crex/proj/snic2022-23-81/expression_algae/code/busco/trinity_VA-3180-Osg10Sin/run_chlorophyta_odb10/metaeuk_output/initial_results/trinity_VA-3180-Osg10Sin.Trinity.fasta.modified.fas
# Option settings: hmmsearch --domtblout /crex/proj/snic2022-23-81/expression_algae/code/busco/trinity_VA-3180-Osg10Sin/run_chlorophyta_odb10/hmmer_output/initial_run_results/1090at3041.out --cpu 1 /sw/bioinfo/BUSCO/v5_lineage_sets/lineages/chlorophyta_odb10/hmms/1090at3041.hmm /crex/proj/snic2022-23-81/expression_algae/code/busco/trinity_VA-3180-Osg10Sin/run_chlorophyta_odb10/metaeuk_output/initial_results/trinity_VA-3180-Osg10Sin.Trinity.fasta.modified.fas 
# Current dir:     /crex/proj/snic2022-23-81/expression_algae/code/busco
# Date:            Fri Sep 23 10:12:37 2022
# [ok]
