#                                                                                         --- full sequence --- -------------- this domain -------------   hmm coord   ali coord   env coord
# target name                     accession   tlen query name           accession   qlen   E-value  score  bias   #  of  c-Evalue  i-Evalue  score  bias  from    to  from    to  from    to  acc description of target
#             ------------------- ---------- ----- -------------------- ---------- ----- --------- ------ ----- --- --- --------- --------- ------ ----- ----- ----- ----- ----- ----- ----- ---- ---------------------
TRINITY_DN1347_c0_g1_i4:1377-2114 -            246 11317at3041          -            224   1.4e-14   52.8   0.0   1   2   4.1e-06    0.0028   15.9   0.0     6    86     2    96     1   116 0.75 -
TRINITY_DN1347_c0_g1_i4:1377-2114 -            246 11317at3041          -            224   1.4e-14   52.8   0.0   2   2   9.3e-12   6.4e-09   34.4   0.0   138   179   194   235   160   245 0.81 -
TRINITY_DN16831_c0_g1_i2:43-540   -            166 11317at3041          -            224   4.2e-12   44.8   0.1   1   1   4.7e-14   3.2e-11   41.9   0.1     6   171     2   166     1   166 0.79 -
TRINITY_DN16831_c0_g1_i1:43-540   -            166 11317at3041          -            224   1.4e-11   43.1   0.1   1   1   2.7e-13   1.8e-10   39.4   0.1     6   171     2   166     1   166 0.77 -
TRINITY_DN20181_c0_g1_i1:46-651   -            202 11317at3041          -            224   1.5e-08   33.1   0.0   1   2    0.0011      0.77    7.9   0.0    10    51     1    45     1    93 0.75 -
TRINITY_DN20181_c0_g1_i1:46-651   -            202 11317at3041          -            224   1.5e-08   33.1   0.0   2   2     2e-08   1.4e-05   23.5   0.0   140   171   125   156    90   158 0.88 -
TRINITY_DN626_c0_g1_i11:1541-2650 -            370 11317at3041          -            224   0.00034   18.9   0.0   1   1   7.9e-07   0.00055   18.2   0.0     5    49    57   105    53   123 0.90 -
TRINITY_DN626_c0_g1_i2:1079-2188  -            370 11317at3041          -            224   0.00034   18.9   0.0   1   1   7.9e-07   0.00055   18.2   0.0     5    49    57   105    53   123 0.90 -
TRINITY_DN626_c0_g1_i4:3300-4409  -            370 11317at3041          -            224   0.00034   18.9   0.0   1   1   7.9e-07   0.00055   18.2   0.0     5    49    57   105    53   123 0.90 -
TRINITY_DN626_c0_g1_i5:3300-4409  -            370 11317at3041          -            224   0.00034   18.9   0.0   1   1   7.9e-07   0.00055   18.2   0.0     5    49    57   105    53   123 0.90 -
TRINITY_DN626_c0_g1_i7:3300-4409  -            370 11317at3041          -            224   0.00034   18.9   0.0   1   1   7.9e-07   0.00055   18.2   0.0     5    49    57   105    53   123 0.90 -
TRINITY_DN626_c0_g1_i9:1079-2188  -            370 11317at3041          -            224   0.00034   18.9   0.0   1   1   7.9e-07   0.00055   18.2   0.0     5    49    57   105    53   123 0.90 -
#
# Program:         hmmsearch
# Version:         3.2.1 (June 2018)
# Pipeline mode:   SEARCH
# Query file:      /sw/bioinfo/BUSCO/v5_lineage_sets/lineages/chlorophyta_odb10/hmms/11317at3041.hmm
# Target file:     /crex/proj/snic2022-23-81/expression_algae/code/busco/trinity_VA-3180-Osg10Sin/run_chlorophyta_odb10/metaeuk_output/initial_results/trinity_VA-3180-Osg10Sin.Trinity.fasta.modified.fas
# Option settings: hmmsearch --domtblout /crex/proj/snic2022-23-81/expression_algae/code/busco/trinity_VA-3180-Osg10Sin/run_chlorophyta_odb10/hmmer_output/initial_run_results/11317at3041.out --cpu 1 /sw/bioinfo/BUSCO/v5_lineage_sets/lineages/chlorophyta_odb10/hmms/11317at3041.hmm /crex/proj/snic2022-23-81/expression_algae/code/busco/trinity_VA-3180-Osg10Sin/run_chlorophyta_odb10/metaeuk_output/initial_results/trinity_VA-3180-Osg10Sin.Trinity.fasta.modified.fas 
# Current dir:     /crex/proj/snic2022-23-81/expression_algae/code/busco
# Date:            Fri Sep 23 10:12:38 2022
# [ok]
