#                                                                                        --- full sequence --- -------------- this domain -------------   hmm coord   ali coord   env coord
# target name                    accession   tlen query name           accession   qlen   E-value  score  bias   #  of  c-Evalue  i-Evalue  score  bias  from    to  from    to  from    to  acc description of target
#            ------------------- ---------- ----- -------------------- ---------- ----- --------- ------ ----- --- --- --------- --------- ------ ----- ----- ----- ----- ----- ----- ----- ---- ---------------------
TRINITY_DN77052_c0_g1_i1:87-299  -             71 11669at3041          -             84     2e-29  100.3   0.0   1   1   2.8e-32   2.5e-29  100.0   0.0    21    84     1    69     1    69 0.96 -
TRINITY_DN11214_c0_g1_i1:456-665 -             70 11669at3041          -             84   3.9e-08   32.0   0.2   1   1     7e-11   6.1e-08   31.4   0.2     2    62     5    62     4    67 0.86 -
TRINITY_DN7198_c0_g1_i1:69-284   -             72 11669at3041          -             84   2.8e-06   26.1   0.0   1   1   3.8e-09   3.3e-06   25.9   0.0     3    37    10    44     8    70 0.92 -
TRINITY_DN5272_c0_g1_i1:319-630  -            104 11669at3041          -             84     6e-05   21.8   0.1   1   1   2.4e-07   0.00021   20.1   0.1     2    38    15    51    14    90 0.75 -
TRINITY_DN1025_c0_g1_i3:0-302    -            101 11669at3041          -             84   0.00086   18.1   0.0   1   2   1.1e-05    0.0099   14.7   0.0     2    37    12    47    11    51 0.87 -
TRINITY_DN1025_c0_g1_i3:0-302    -            101 11669at3041          -             84   0.00086   18.1   0.0   2   2      0.16   1.4e+02    1.4   0.0    43    58    64    79    59    85 0.86 -
TRINITY_DN93750_c0_g1_i1:137-373 -             79 11669at3041          -             84     0.001   17.9   0.1   1   2   0.00029      0.26   10.2   0.1     4    37    10    43     7    50 0.86 -
TRINITY_DN93750_c0_g1_i1:137-373 -             79 11669at3041          -             84     0.001   17.9   0.1   2   2    0.0052       4.5    6.2   0.0    31    59    50    78    45    79 0.88 -
TRINITY_DN1025_c0_g1_i1:0-386    -            129 11669at3041          -             84    0.0017   17.1   0.0   1   2   1.9e-05     0.016   14.0   0.0     2    37    12    47    11    50 0.87 -
TRINITY_DN1025_c0_g1_i1:0-386    -            129 11669at3041          -             84    0.0017   17.1   0.0   2   2      0.25   2.2e+02    0.8   0.0    43    58    92   107    89   112 0.85 -
TRINITY_DN55985_c0_g1_i1:2-265   -             88 11669at3041          -             84    0.0042   15.9   0.0   1   1   5.9e-06    0.0052   15.6   0.0    14    61    37    85    25    88 0.74 -
#
# Program:         hmmsearch
# Version:         3.2.1 (June 2018)
# Pipeline mode:   SEARCH
# Query file:      /sw/bioinfo/BUSCO/v5_lineage_sets/lineages/chlorophyta_odb10/hmms/11669at3041.hmm
# Target file:     /crex/proj/snic2022-23-81/expression_algae/code/busco/trinity_VA-3180-Osg10Sin/run_chlorophyta_odb10/metaeuk_output/initial_results/trinity_VA-3180-Osg10Sin.Trinity.fasta.modified.fas
# Option settings: hmmsearch --domtblout /crex/proj/snic2022-23-81/expression_algae/code/busco/trinity_VA-3180-Osg10Sin/run_chlorophyta_odb10/hmmer_output/initial_run_results/11669at3041.out --cpu 1 /sw/bioinfo/BUSCO/v5_lineage_sets/lineages/chlorophyta_odb10/hmms/11669at3041.hmm /crex/proj/snic2022-23-81/expression_algae/code/busco/trinity_VA-3180-Osg10Sin/run_chlorophyta_odb10/metaeuk_output/initial_results/trinity_VA-3180-Osg10Sin.Trinity.fasta.modified.fas 
# Current dir:     /crex/proj/snic2022-23-81/expression_algae/code/busco
# Date:            Fri Sep 23 10:12:38 2022
# [ok]
