#                                                                                         --- full sequence --- -------------- this domain -------------   hmm coord   ali coord   env coord
# target name                     accession   tlen query name           accession   qlen   E-value  score  bias   #  of  c-Evalue  i-Evalue  score  bias  from    to  from    to  from    to  acc description of target
#             ------------------- ---------- ----- -------------------- ---------- ----- --------- ------ ----- --- --- --------- --------- ------ ----- ----- ----- ----- ----- ----- ----- ---- ---------------------
TRINITY_DN40711_c0_g1_i1:5-922    -            306 1428at3041           -            371    1e-107  358.8   0.0   1   1  1.8e-110  1.8e-107  358.1   0.0     2   245    14   303    13   306 0.87 -
TRINITY_DN82254_c0_g1_i1:18-431   -            138 1428at3041           -            371     7e-16   56.6   0.0   1   1   9.8e-19   9.7e-16   56.2   0.0   248   355     4   135     1   138 0.79 -
TRINITY_DN46944_c0_g1_i2:0-974    -            325 1428at3041           -            371   1.3e-15   55.7   0.1   1   2   7.1e-13   7.1e-10   36.9   0.0    31   176    67   221    63   269 0.70 -
TRINITY_DN46944_c0_g1_i2:0-974    -            325 1428at3041           -            371   1.3e-15   55.7   0.1   2   2   6.8e-07   0.00067   17.2   0.1   203   246   279   322   264   325 0.82 -
TRINITY_DN11392_c0_g1_i1:28-1326  -            433 1428at3041           -            371   3.7e-13   47.7   0.1   1   2   1.2e-05     0.012   13.1   0.0   116   249   113   258    54   272 0.66 -
TRINITY_DN11392_c0_g1_i1:28-1326  -            433 1428at3041           -            371   3.7e-13   47.7   0.1   2   2   1.4e-11   1.4e-08   32.6   0.0   294   349   349   404   290   422 0.82 -
TRINITY_DN1786_c0_g1_i3:256-1017  -            254 1428at3041           -            371   1.3e-11   42.6   0.2   1   2   0.00058      0.57    7.6   0.0   213   259    78   124    51   133 0.77 -
TRINITY_DN1786_c0_g1_i3:256-1017  -            254 1428at3041           -            371   1.3e-11   42.6   0.2   2   2   9.4e-12   9.3e-09   33.2   0.0   248   348   136   254   128   254 0.78 -
TRINITY_DN1786_c0_g1_i14:678-1664 -            329 1428at3041           -            371   3.5e-11   41.2   0.2   1   1     1e-11     1e-08   33.1   0.2   247   348   210   329   126   329 0.77 -
TRINITY_DN1786_c0_g1_i7:720-1706  -            329 1428at3041           -            371   3.5e-11   41.2   0.2   1   1     1e-11     1e-08   33.1   0.2   247   348   210   329   126   329 0.77 -
#
# Program:         hmmsearch
# Version:         3.2.1 (June 2018)
# Pipeline mode:   SEARCH
# Query file:      /sw/bioinfo/BUSCO/v5_lineage_sets/lineages/chlorophyta_odb10/hmms/1428at3041.hmm
# Target file:     /crex/proj/snic2022-23-81/expression_algae/code/busco/trinity_VA-3180-Osg10Sin/run_chlorophyta_odb10/metaeuk_output/initial_results/trinity_VA-3180-Osg10Sin.Trinity.fasta.modified.fas
# Option settings: hmmsearch --domtblout /crex/proj/snic2022-23-81/expression_algae/code/busco/trinity_VA-3180-Osg10Sin/run_chlorophyta_odb10/hmmer_output/initial_run_results/1428at3041.out --cpu 1 /sw/bioinfo/BUSCO/v5_lineage_sets/lineages/chlorophyta_odb10/hmms/1428at3041.hmm /crex/proj/snic2022-23-81/expression_algae/code/busco/trinity_VA-3180-Osg10Sin/run_chlorophyta_odb10/metaeuk_output/initial_results/trinity_VA-3180-Osg10Sin.Trinity.fasta.modified.fas 
# Current dir:     /crex/proj/snic2022-23-81/expression_algae/code/busco
# Date:            Fri Sep 23 10:12:37 2022
# [ok]
