#                                                                                        --- full sequence --- -------------- this domain -------------   hmm coord   ali coord   env coord
# target name                    accession   tlen query name           accession   qlen   E-value  score  bias   #  of  c-Evalue  i-Evalue  score  bias  from    to  from    to  from    to  acc description of target
#            ------------------- ---------- ----- -------------------- ---------- ----- --------- ------ ----- --- --- --------- --------- ------ ----- ----- ----- ----- ----- ----- ----- ---- ---------------------
TRINITY_DN1677_c0_g1_i3:274-2721 -            816 251at3041            -            678  5.6e-257  853.2   9.2   1   1  4.7e-259  5.4e-256  849.9   9.2     1   650     6   788     6   792 0.88 -
TRINITY_DN1677_c0_g1_i1:3-1658   -            552 251at3041            -            678  6.1e-150  499.4   2.0   1   1  7.6e-152  8.8e-149  495.6   2.0   236   650     7   523     1   526 0.86 -
TRINITY_DN1677_c0_g1_i8:134-1504 -            457 251at3041            -            678  8.3e-117  389.9   1.5   1   1  1.2e-118  1.4e-115  385.8   1.5   309   650     1   428     1   431 0.85 -
TRINITY_DN1877_c0_g1_i6:0-1988   -            663 251at3041            -            678   4.7e-07   27.2   4.2   1   3   1.4e-06    0.0016   15.5   0.1     8   157    14   178     8   206 0.60 -
TRINITY_DN1877_c0_g1_i6:0-1988   -            663 251at3041            -            678   4.7e-07   27.2   4.2   2   3    0.0028       3.3    4.6   0.1    97   160   399   464   375   488 0.70 -
TRINITY_DN1877_c0_g1_i6:0-1988   -            663 251at3041            -            678   4.7e-07   27.2   4.2   3   3   0.00067      0.77    6.7   0.1   558   615   488   546   472   598 0.77 -
TRINITY_DN1877_c0_g1_i3:0-1652   -            551 251at3041            -            678   1.4e-05   22.3   0.3   1   2   9.9e-07    0.0011   16.0   0.1     8   157    25   189    19   217 0.60 -
TRINITY_DN1877_c0_g1_i3:0-1652   -            551 251at3041            -            678   1.4e-05   22.3   0.3   2   2    0.0054       6.2    3.7   0.0   123   160   450   489   429   526 0.76 -
TRINITY_DN1877_c0_g1_i4:301-1575 -            425 251at3041            -            678   0.00025   18.2   0.7   1   2   5.7e-07   0.00066   16.8   0.1     8   158    14   179     8   206 0.60 -
TRINITY_DN1877_c0_g1_i4:301-1575 -            425 251at3041            -            678   0.00025   18.2   0.7   2   2      0.28   3.3e+02   -2.0   0.0   204   229   383   411   374   419 0.62 -
#
# Program:         hmmsearch
# Version:         3.2.1 (June 2018)
# Pipeline mode:   SEARCH
# Query file:      /sw/bioinfo/BUSCO/v5_lineage_sets/lineages/chlorophyta_odb10/hmms/251at3041.hmm
# Target file:     /crex/proj/snic2022-23-81/expression_algae/code/busco/trinity_VA-3180-Osg10Sin/run_chlorophyta_odb10/metaeuk_output/initial_results/trinity_VA-3180-Osg10Sin.Trinity.fasta.modified.fas
# Option settings: hmmsearch --domtblout /crex/proj/snic2022-23-81/expression_algae/code/busco/trinity_VA-3180-Osg10Sin/run_chlorophyta_odb10/hmmer_output/initial_run_results/251at3041.out --cpu 1 /sw/bioinfo/BUSCO/v5_lineage_sets/lineages/chlorophyta_odb10/hmms/251at3041.hmm /crex/proj/snic2022-23-81/expression_algae/code/busco/trinity_VA-3180-Osg10Sin/run_chlorophyta_odb10/metaeuk_output/initial_results/trinity_VA-3180-Osg10Sin.Trinity.fasta.modified.fas 
# Current dir:     /crex/proj/snic2022-23-81/expression_algae/code/busco
# Date:            Fri Sep 23 10:12:40 2022
# [ok]
