#                                                                                         --- full sequence --- -------------- this domain -------------   hmm coord   ali coord   env coord
# target name                     accession   tlen query name           accession   qlen   E-value  score  bias   #  of  c-Evalue  i-Evalue  score  bias  from    to  from    to  from    to  acc description of target
#             ------------------- ---------- ----- -------------------- ---------- ----- --------- ------ ----- --- --- --------- --------- ------ ----- ----- ----- ----- ----- ----- ----- ---- ---------------------
TRINITY_DN15996_c0_g1_i5:913-2553 -            547 3499at3041           -            597   2.7e-97  324.9   0.1   1   2   4.4e-15   3.1e-12   44.0   0.0    56   209    47   217    14   224 0.78 -
TRINITY_DN15996_c0_g1_i5:913-2553 -            547 3499at3041           -            597   2.7e-97  324.9   0.1   2   2     3e-86   2.1e-83  279.0   0.0   228   477   296   547   270   547 0.91 -
TRINITY_DN15996_c0_g4_i1:275-1228 -            318 3499at3041           -            597   1.4e-96  322.5   0.7   1   1   2.3e-99   1.6e-96  322.4   0.7   225   526     5   306     1   318 0.92 -
TRINITY_DN12767_c0_g1_i1:722-1609 -            296 3499at3041           -            597   9.2e-83  276.9   0.7   1   1   1.5e-85     1e-82  276.8   0.7   141   419     2   295     1   296 0.89 -
TRINITY_DN15996_c0_g6_i2:349-909  -            187 3499at3041           -            597   2.4e-64  216.1   0.0   1   1   3.7e-67   2.6e-64  216.0   0.0   236   413     6   187     1   187 0.95 -
TRINITY_DN15996_c0_g2_i1:0-482    -            161 3499at3041           -            597   3.7e-41  139.6   0.6   1   1     1e-43   6.9e-41  138.6   0.6   332   475     1   161     1   161 0.81 -
TRINITY_DN1721_c0_g1_i3:1074-2423 -            450 3499at3041           -            597   7.1e-05   19.7   0.4   1   1   1.7e-07   0.00012   19.0   0.4   272   306    94   131    82   139 0.81 -
TRINITY_DN1721_c0_g1_i5:1140-2486 -            449 3499at3041           -            597   7.1e-05   19.7   0.4   1   1   1.7e-07   0.00012   19.0   0.4   272   306    93   130    81   138 0.81 -
TRINITY_DN20260_c0_g1_i1:62-772   -            237 3499at3041           -            597    0.0003   17.7   0.1   1   1     7e-07   0.00049   17.0   0.1   271   304    45    82    29    92 0.76 -
TRINITY_DN7923_c0_g1_i2:15-968    -            318 3499at3041           -            597     0.037   10.7   0.1   1   2      0.83   5.8e+02   -3.1   0.1   509   533   121   145   108   168 0.47 -
TRINITY_DN7923_c0_g1_i2:15-968    -            318 3499at3041           -            597     0.037   10.7   0.1   2   2   5.4e-05     0.037   10.7   0.1   264   292   209   237   191   257 0.75 -
TRINITY_DN689_c0_g2_i1:37-732     -            232 3499at3041           -            597     0.064   10.0   0.0   1   1   0.00012     0.086    9.5   0.0   270   317    43    93    32   110 0.78 -
#
# Program:         hmmsearch
# Version:         3.2.1 (June 2018)
# Pipeline mode:   SEARCH
# Query file:      /sw/bioinfo/BUSCO/v5_lineage_sets/lineages/chlorophyta_odb10/hmms/3499at3041.hmm
# Target file:     /crex/proj/snic2022-23-81/expression_algae/code/busco/trinity_VA-3180-Osg10Sin/run_chlorophyta_odb10/metaeuk_output/initial_results/trinity_VA-3180-Osg10Sin.Trinity.fasta.modified.fas
# Option settings: hmmsearch --domtblout /crex/proj/snic2022-23-81/expression_algae/code/busco/trinity_VA-3180-Osg10Sin/run_chlorophyta_odb10/hmmer_output/initial_run_results/3499at3041.out --cpu 1 /sw/bioinfo/BUSCO/v5_lineage_sets/lineages/chlorophyta_odb10/hmms/3499at3041.hmm /crex/proj/snic2022-23-81/expression_algae/code/busco/trinity_VA-3180-Osg10Sin/run_chlorophyta_odb10/metaeuk_output/initial_results/trinity_VA-3180-Osg10Sin.Trinity.fasta.modified.fas 
# Current dir:     /crex/proj/snic2022-23-81/expression_algae/code/busco
# Date:            Fri Sep 23 10:12:40 2022
# [ok]
