#                                                                                        --- full sequence --- -------------- this domain -------------   hmm coord   ali coord   env coord
# target name                    accession   tlen query name           accession   qlen   E-value  score  bias   #  of  c-Evalue  i-Evalue  score  bias  from    to  from    to  from    to  acc description of target
#            ------------------- ---------- ----- -------------------- ---------- ----- --------- ------ ----- --- --- --------- --------- ------ ----- ----- ----- ----- ----- ----- ----- ---- ---------------------
TRINITY_DN4393_c0_g1_i3:134-1147 -            338 4458at3041           -            244    8e-118  390.6   7.5   1   1  6.8e-119  5.2e-116  384.7   7.5     1   241    50   327    50   330 0.88 -
TRINITY_DN4393_c0_g1_i7:134-826  -            231 4458at3041           -            244    2e-110  366.4   4.2   1   2     7e-94   5.4e-91  302.8   1.1    46   204     7   168     2   175 0.97 -
TRINITY_DN4393_c0_g1_i7:134-826  -            231 4458at3041           -            244    2e-110  366.4   4.2   2   2   3.4e-21   2.6e-18   64.7   0.1   201   241   180   220   177   224 0.94 -
TRINITY_DN4393_c0_g1_i2:168-896  -            243 4458at3041           -            244   1.3e-75  252.4   0.7   1   1   5.1e-78   3.9e-75  250.8   0.7     1   172    50   243    50   243 0.89 -
TRINITY_DN2600_c0_g1_i1:5-814    -            270 4458at3041           -            244   1.3e-42  144.4   0.0   1   1     2e-45   1.6e-42  144.1   0.0    31   229    62   268    21   270 0.84 -
TRINITY_DN2600_c0_g1_i3:151-1114 -            250 4458at3041           -            244   3.1e-35  120.2   0.0   1   1   4.9e-38   3.7e-35  119.9   0.0    31   199    62   238    21   250 0.81 -
TRINITY_DN1860_c0_g1_i12:51-818  -            256 4458at3041           -            244   6.5e-06   24.2   0.0   1   1   1.3e-08   9.9e-06   23.6   0.0    44   219    51   244    43   252 0.72 -
TRINITY_DN1860_c0_g1_i10:51-476  -            142 4458at3041           -            244   0.00061   17.7   0.0   1   1   1.1e-06   0.00085   17.2   0.0   114   219    12   130     3   139 0.74 -
TRINITY_DN39295_c0_g1_i1:5-505   -            167 4458at3041           -            244    0.0008   17.3   0.1   1   1   1.2e-06    0.0009   17.2   0.1   112   188    54   143    11   158 0.66 -
TRINITY_DN39295_c0_g1_i2:5-550   -            182 4458at3041           -            244   0.00097   17.0   0.1   1   1   1.5e-06    0.0011   16.8   0.1   112   188    69   158    25   173 0.66 -
#
# Program:         hmmsearch
# Version:         3.2.1 (June 2018)
# Pipeline mode:   SEARCH
# Query file:      /sw/bioinfo/BUSCO/v5_lineage_sets/lineages/chlorophyta_odb10/hmms/4458at3041.hmm
# Target file:     /crex/proj/snic2022-23-81/expression_algae/code/busco/trinity_VA-3180-Osg10Sin/run_chlorophyta_odb10/metaeuk_output/initial_results/trinity_VA-3180-Osg10Sin.Trinity.fasta.modified.fas
# Option settings: hmmsearch --domtblout /crex/proj/snic2022-23-81/expression_algae/code/busco/trinity_VA-3180-Osg10Sin/run_chlorophyta_odb10/hmmer_output/initial_run_results/4458at3041.out --cpu 1 /sw/bioinfo/BUSCO/v5_lineage_sets/lineages/chlorophyta_odb10/hmms/4458at3041.hmm /crex/proj/snic2022-23-81/expression_algae/code/busco/trinity_VA-3180-Osg10Sin/run_chlorophyta_odb10/metaeuk_output/initial_results/trinity_VA-3180-Osg10Sin.Trinity.fasta.modified.fas 
# Current dir:     /crex/proj/snic2022-23-81/expression_algae/code/busco
# Date:            Fri Sep 23 10:12:45 2022
# [ok]
