#                                                                                         --- full sequence --- -------------- this domain -------------   hmm coord   ali coord   env coord
# target name                     accession   tlen query name           accession   qlen   E-value  score  bias   #  of  c-Evalue  i-Evalue  score  bias  from    to  from    to  from    to  acc description of target
#             ------------------- ---------- ----- -------------------- ---------- ----- --------- ------ ----- --- --- --------- --------- ------ ----- ----- ----- ----- ----- ----- ----- ---- ---------------------
TRINITY_DN92198_c0_g1_i1:2-526    -            175 5108at3041           -            350   3.6e-56  189.2   0.2   1   1   7.7e-59   6.7e-56  188.3   0.2   216   349     1   152     1   153 0.89 -
TRINITY_DN23924_c0_g2_i1:304-1191 -            296 5108at3041           -            350   0.00011   19.9   0.2   1   1   2.6e-07   0.00023   18.8   0.2   154   301    91   232    82   262 0.75 -
TRINITY_DN23924_c0_g2_i4:304-1368 -            355 5108at3041           -            350   0.00017   19.2   0.2   1   1   3.9e-07   0.00034   18.2   0.2   154   301   150   291   141   326 0.75 -
TRINITY_DN23924_c0_g2_i5:232-1296 -            355 5108at3041           -            350   0.00019   19.0   0.2   1   1   4.6e-07    0.0004   18.0   0.2   154   300   150   290   141   316 0.75 -
TRINITY_DN23924_c0_g2_i6:235-1095 -            287 5108at3041           -            350    0.0029   15.1   0.2   1   1   6.1e-06    0.0053   14.3   0.2   155   300    84   223    74   250 0.73 -
TRINITY_DN14625_c0_g1_i1:9-422    -            138 5108at3041           -            350     0.027   12.0   0.0   1   2   5.4e-05     0.047   11.2   0.0   162   207    25    70    21    93 0.88 -
TRINITY_DN14625_c0_g1_i1:9-422    -            138 5108at3041           -            350     0.027   12.0   0.0   2   2      0.83   7.2e+02   -2.6   0.0   285   298   114   127    96   129 0.72 -
TRINITY_DN1628_c0_g1_i1:68-667    -            200 5108at3041           -            350     0.038   11.5   0.1   1   1     6e-05     0.052   11.0   0.1   166   205   118   157   113   177 0.83 -
TRINITY_DN16785_c0_g1_i1:131-568  -            146 5108at3041           -            350     0.045   11.2   0.0   1   2   0.00011     0.098   10.1   0.0   166   204    41    79    30   102 0.86 -
TRINITY_DN16785_c0_g1_i1:131-568  -            146 5108at3041           -            350     0.045   11.2   0.0   2   2      0.52   4.5e+02   -1.9   0.0   284   300   125   141   115   142 0.83 -
#
# Program:         hmmsearch
# Version:         3.2.1 (June 2018)
# Pipeline mode:   SEARCH
# Query file:      /sw/bioinfo/BUSCO/v5_lineage_sets/lineages/chlorophyta_odb10/hmms/5108at3041.hmm
# Target file:     /crex/proj/snic2022-23-81/expression_algae/code/busco/trinity_VA-3180-Osg10Sin/run_chlorophyta_odb10/metaeuk_output/initial_results/trinity_VA-3180-Osg10Sin.Trinity.fasta.modified.fas
# Option settings: hmmsearch --domtblout /crex/proj/snic2022-23-81/expression_algae/code/busco/trinity_VA-3180-Osg10Sin/run_chlorophyta_odb10/hmmer_output/initial_run_results/5108at3041.out --cpu 1 /sw/bioinfo/BUSCO/v5_lineage_sets/lineages/chlorophyta_odb10/hmms/5108at3041.hmm /crex/proj/snic2022-23-81/expression_algae/code/busco/trinity_VA-3180-Osg10Sin/run_chlorophyta_odb10/metaeuk_output/initial_results/trinity_VA-3180-Osg10Sin.Trinity.fasta.modified.fas 
# Current dir:     /crex/proj/snic2022-23-81/expression_algae/code/busco
# Date:            Fri Sep 23 10:12:44 2022
# [ok]
