#                                                                                        --- full sequence --- -------------- this domain -------------   hmm coord   ali coord   env coord
# target name                    accession   tlen query name           accession   qlen   E-value  score  bias   #  of  c-Evalue  i-Evalue  score  bias  from    to  from    to  from    to  acc description of target
#            ------------------- ---------- ----- -------------------- ---------- ----- --------- ------ ----- --- --- --------- --------- ------ ----- ----- ----- ----- ----- ----- ----- ---- ---------------------
TRINITY_DN1005_c0_g1_i3:328-1200 -            291 5278at3041           -            223   1.3e-93  311.2   5.9   1   2   2.2e-65   1.9e-62  209.2   2.4     1   143    13   174    13   178 0.90 -
TRINITY_DN1005_c0_g1_i3:328-1200 -            291 5278at3041           -            223   1.3e-93  311.2   5.9   2   2   4.7e-33   4.1e-30  103.5   0.1   134   223   196   290   189   290 0.93 -
TRINITY_DN1005_c0_g1_i1:328-840  -            171 5278at3041           -            223   5.9e-37  125.9   0.4   1   2   3.1e-07   0.00027   19.1   0.0   102   143     1    54     1    58 0.83 -
TRINITY_DN1005_c0_g1_i1:328-840  -            171 5278at3041           -            223   5.9e-37  125.9   0.4   2   2   1.3e-33   1.1e-30  105.3   0.1   134   223    76   170    68   170 0.93 -
TRINITY_DN13905_c0_g1_i2:143-613 -            157 5278at3041           -            223   5.6e-06   24.6   0.0   1   1   9.3e-09     8e-06   24.1   0.0    26    86    54   117    47   125 0.88 -
TRINITY_DN13905_c0_g1_i3:1-660   -            220 5278at3041           -            223     1e-05   23.7   0.0   1   1     2e-08   1.7e-05   23.0   0.0    26    86    39   102    32   109 0.88 -
TRINITY_DN5650_c0_g1_i4:137-1114 -            326 5278at3041           -            223   9.7e-05   20.5   0.0   1   2   2.8e-07   0.00024   19.2   0.0    24   136    31   156    10   207 0.75 -
TRINITY_DN5650_c0_g1_i4:137-1114 -            326 5278at3041           -            223   9.7e-05   20.5   0.0   2   2      0.43   3.8e+02   -1.0   0.0   172   174   220   222   144   265 0.57 -
TRINITY_DN15007_c0_g1_i4:4-378   -            125 5278at3041           -            223    0.0046   15.1   0.1   1   1   5.4e-06    0.0047   15.0   0.1   163   214    61   112    17   118 0.84 -
TRINITY_DN14405_c0_g1_i2:2-679   -            226 5278at3041           -            223     0.013   13.6   0.1   1   1   0.00013      0.11   10.5   0.1    27    88    27   103    24   136 0.71 -
TRINITY_DN42291_c0_g1_i1:23-898  -            292 5278at3041           -            223     0.019   13.0   0.0   1   1   3.6e-05     0.032   12.3   0.0     7    86    58   139    52   147 0.78 -
#
# Program:         hmmsearch
# Version:         3.2.1 (June 2018)
# Pipeline mode:   SEARCH
# Query file:      /sw/bioinfo/BUSCO/v5_lineage_sets/lineages/chlorophyta_odb10/hmms/5278at3041.hmm
# Target file:     /crex/proj/snic2022-23-81/expression_algae/code/busco/trinity_VA-3180-Osg10Sin/run_chlorophyta_odb10/metaeuk_output/initial_results/trinity_VA-3180-Osg10Sin.Trinity.fasta.modified.fas
# Option settings: hmmsearch --domtblout /crex/proj/snic2022-23-81/expression_algae/code/busco/trinity_VA-3180-Osg10Sin/run_chlorophyta_odb10/hmmer_output/initial_run_results/5278at3041.out --cpu 1 /sw/bioinfo/BUSCO/v5_lineage_sets/lineages/chlorophyta_odb10/hmms/5278at3041.hmm /crex/proj/snic2022-23-81/expression_algae/code/busco/trinity_VA-3180-Osg10Sin/run_chlorophyta_odb10/metaeuk_output/initial_results/trinity_VA-3180-Osg10Sin.Trinity.fasta.modified.fas 
# Current dir:     /crex/proj/snic2022-23-81/expression_algae/code/busco
# Date:            Fri Sep 23 10:12:44 2022
# [ok]
