#                                                                                          --- full sequence --- -------------- this domain -------------   hmm coord   ali coord   env coord
# target name                      accession   tlen query name           accession   qlen   E-value  score  bias   #  of  c-Evalue  i-Evalue  score  bias  from    to  from    to  from    to  acc description of target
#              ------------------- ---------- ----- -------------------- ---------- ----- --------- ------ ----- --- --- --------- --------- ------ ----- ----- ----- ----- ----- ----- ----- ---- ---------------------
TRINITY_DN94601_c0_g1_i1:48-788    -            247 5304at3041           -            232  5.6e-136  449.7   0.0   1   1  5.6e-139  6.5e-136  449.4   0.0     1   212     3   220     3   245 0.93 -
TRINITY_DN14054_c0_g1_i1:1108-1779 -            224 5304at3041           -            232   3.6e-18   64.2   0.2   1   2     2e-10   2.3e-07   28.8   0.1    10   105     3   100     1   111 0.88 -
TRINITY_DN14054_c0_g1_i1:1108-1779 -            224 5304at3041           -            232   3.6e-18   64.2   0.2   2   2     7e-12   8.1e-09   33.6   0.0   108   183   149   224   141   224 0.92 -
TRINITY_DN723_c0_g1_i4:98-790      -            231 5304at3041           -            232   1.2e-15   56.0   0.0   1   2   4.4e-07   0.00051   17.9   0.0     8   106    11   111     5   125 0.82 -
TRINITY_DN723_c0_g1_i4:98-790      -            231 5304at3041           -            232   1.2e-15   56.0   0.0   2   2     1e-12   1.2e-09   36.4   0.0    99   180   150   231   136   231 0.90 -
TRINITY_DN723_c0_g1_i6:98-790      -            231 5304at3041           -            232   1.3e-15   55.8   0.0   1   2   4.3e-07    0.0005   17.9   0.0     8   106    11   111     5   125 0.83 -
TRINITY_DN723_c0_g1_i6:98-790      -            231 5304at3041           -            232   1.3e-15   55.8   0.0   2   2   1.2e-12   1.4e-09   36.1   0.0    99   180   150   231   136   231 0.90 -
TRINITY_DN723_c0_g1_i1:98-790      -            231 5304at3041           -            232   2.4e-15   55.0   0.0   1   2   3.9e-07   0.00046   18.1   0.0     8   107    11   112     5   128 0.83 -
TRINITY_DN723_c0_g1_i1:98-790      -            231 5304at3041           -            232   2.4e-15   55.0   0.0   2   2   2.4e-12   2.8e-09   35.1   0.0   102   180   153   231   142   231 0.91 -
TRINITY_DN723_c0_g1_i5:98-790      -            231 5304at3041           -            232   2.4e-15   55.0   0.0   1   2   3.9e-07   0.00046   18.1   0.0     8   107    11   112     5   128 0.83 -
TRINITY_DN723_c0_g1_i5:98-790      -            231 5304at3041           -            232   2.4e-15   55.0   0.0   2   2   2.4e-12   2.8e-09   35.1   0.0   102   180   153   231   142   231 0.91 -
#
# Program:         hmmsearch
# Version:         3.2.1 (June 2018)
# Pipeline mode:   SEARCH
# Query file:      /sw/bioinfo/BUSCO/v5_lineage_sets/lineages/chlorophyta_odb10/hmms/5304at3041.hmm
# Target file:     /crex/proj/snic2022-23-81/expression_algae/code/busco/trinity_VA-3180-Osg10Sin/run_chlorophyta_odb10/metaeuk_output/initial_results/trinity_VA-3180-Osg10Sin.Trinity.fasta.modified.fas
# Option settings: hmmsearch --domtblout /crex/proj/snic2022-23-81/expression_algae/code/busco/trinity_VA-3180-Osg10Sin/run_chlorophyta_odb10/hmmer_output/initial_run_results/5304at3041.out --cpu 1 /sw/bioinfo/BUSCO/v5_lineage_sets/lineages/chlorophyta_odb10/hmms/5304at3041.hmm /crex/proj/snic2022-23-81/expression_algae/code/busco/trinity_VA-3180-Osg10Sin/run_chlorophyta_odb10/metaeuk_output/initial_results/trinity_VA-3180-Osg10Sin.Trinity.fasta.modified.fas 
# Current dir:     /crex/proj/snic2022-23-81/expression_algae/code/busco
# Date:            Fri Sep 23 10:12:45 2022
# [ok]
