#                                                                                         --- full sequence --- -------------- this domain -------------   hmm coord   ali coord   env coord
# target name                     accession   tlen query name           accession   qlen   E-value  score  bias   #  of  c-Evalue  i-Evalue  score  bias  from    to  from    to  from    to  acc description of target
#             ------------------- ---------- ----- -------------------- ---------- ----- --------- ------ ----- --- --- --------- --------- ------ ----- ----- ----- ----- ----- ----- ----- ---- ---------------------
TRINITY_DN9416_c0_g1_i1:8-850     -            281 5735at3041           -            165   2.1e-25   88.2   1.2   1   3   5.4e-13   6.3e-10   37.8   0.0     7    82     1   101     1   124 0.76 -
TRINITY_DN9416_c0_g1_i1:8-850     -            281 5735at3041           -            165   2.1e-25   88.2   1.2   2   3   6.2e-13   7.2e-10   37.7   0.0    82   151   183   254   177   259 0.90 -
TRINITY_DN9416_c0_g1_i1:8-850     -            281 5735at3041           -            165   2.1e-25   88.2   1.2   3   3   0.00044      0.51    8.9   0.3   140   157   261   278   255   280 0.89 -
TRINITY_DN9416_c0_g1_i2:8-850     -            281 5735at3041           -            165   2.1e-25   88.2   1.2   1   3   5.4e-13   6.3e-10   37.8   0.0     7    82     1   101     1   124 0.76 -
TRINITY_DN9416_c0_g1_i2:8-850     -            281 5735at3041           -            165   2.1e-25   88.2   1.2   2   3   6.2e-13   7.2e-10   37.7   0.0    82   151   183   254   177   259 0.90 -
TRINITY_DN9416_c0_g1_i2:8-850     -            281 5735at3041           -            165   2.1e-25   88.2   1.2   3   3   0.00044      0.51    8.9   0.3   140   157   261   278   255   280 0.89 -
TRINITY_DN28755_c0_g1_i1:5-544    -            180 5735at3041           -            165     3e-10   38.9   0.0   1   1   1.3e-12   1.5e-09   36.6   0.0     6   102     2   123     1   127 0.72 -
TRINITY_DN1701_c0_g1_i2:3647-3934 -             96 5735at3041           -            165     0.003   16.1   0.0   1   1   4.3e-06     0.005   15.4   0.0     4    30    55    83    53    95 0.74 -
TRINITY_DN1701_c0_g1_i6:3647-3934 -             96 5735at3041           -            165     0.003   16.1   0.0   1   1   4.3e-06     0.005   15.4   0.0     4    30    55    83    53    95 0.74 -
TRINITY_DN1701_c0_g1_i8:2712-2999 -             96 5735at3041           -            165     0.003   16.1   0.0   1   1   4.3e-06     0.005   15.4   0.0     4    30    55    83    53    95 0.74 -
#
# Program:         hmmsearch
# Version:         3.2.1 (June 2018)
# Pipeline mode:   SEARCH
# Query file:      /sw/bioinfo/BUSCO/v5_lineage_sets/lineages/chlorophyta_odb10/hmms/5735at3041.hmm
# Target file:     /crex/proj/snic2022-23-81/expression_algae/code/busco/trinity_VA-3180-Osg10Sin/run_chlorophyta_odb10/metaeuk_output/initial_results/trinity_VA-3180-Osg10Sin.Trinity.fasta.modified.fas
# Option settings: hmmsearch --domtblout /crex/proj/snic2022-23-81/expression_algae/code/busco/trinity_VA-3180-Osg10Sin/run_chlorophyta_odb10/hmmer_output/initial_run_results/5735at3041.out --cpu 1 /sw/bioinfo/BUSCO/v5_lineage_sets/lineages/chlorophyta_odb10/hmms/5735at3041.hmm /crex/proj/snic2022-23-81/expression_algae/code/busco/trinity_VA-3180-Osg10Sin/run_chlorophyta_odb10/metaeuk_output/initial_results/trinity_VA-3180-Osg10Sin.Trinity.fasta.modified.fas 
# Current dir:     /crex/proj/snic2022-23-81/expression_algae/code/busco
# Date:            Fri Sep 23 10:12:45 2022
# [ok]
