#                                                                                         --- full sequence --- -------------- this domain -------------   hmm coord   ali coord   env coord
# target name                     accession   tlen query name           accession   qlen   E-value  score  bias   #  of  c-Evalue  i-Evalue  score  bias  from    to  from    to  from    to  acc description of target
#             ------------------- ---------- ----- -------------------- ---------- ----- --------- ------ ----- --- --- --------- --------- ------ ----- ----- ----- ----- ----- ----- ----- ---- ---------------------
TRINITY_DN12072_c0_g1_i2:4-669    -            222 633at3041            -            496   8.4e-95  317.0   2.8   1   1   1.2e-97   1.3e-94  316.3   2.8   141   328     6   222     2   222 0.90 -
TRINITY_DN12072_c0_g1_i1:4-669    -            222 633at3041            -            496   3.8e-90  301.6   3.7   1   1   5.2e-93     6e-90  300.9   3.7   141   328     6   222     2   222 0.90 -
TRINITY_DN58323_c0_g1_i1:0-377    -            126 633at3041            -            496   1.2e-71  240.6   1.4   1   1   1.1e-74   1.3e-71  240.5   1.4     1   121     1   126     1   126 0.95 -
TRINITY_DN36837_c0_g1_i2:2-901    -            300 633at3041            -            496   2.5e-32  110.9   0.1   1   1   3.1e-35   3.6e-32  110.4   0.1     7   269     5   299     2   300 0.84 -
TRINITY_DN11711_c0_g1_i3:330-1598 -            423 633at3041            -            496   9.5e-06   23.2   8.1   1   4   7.3e-07   0.00085   16.8   0.2    78   179     1   114     1   128 0.77 -
TRINITY_DN11711_c0_g1_i3:330-1598 -            423 633at3041            -            496   9.5e-06   23.2   8.1   2   4    0.0087        10    3.3   0.0   437   488   137   188   119   196 0.85 -
TRINITY_DN11711_c0_g1_i3:330-1598 -            423 633at3041            -            496   9.5e-06   23.2   8.1   3   4    0.0031       3.6    4.8   2.0   294   370   239   323   230   368 0.67 -
TRINITY_DN11711_c0_g1_i3:330-1598 -            423 633at3041            -            496   9.5e-06   23.2   8.1   4   4      0.46   5.3e+02   -2.3   0.0   411   443   390   422   382   423 0.82 -
TRINITY_DN11711_c0_g1_i5:428-1696 -            423 633at3041            -            496   9.5e-06   23.2   8.1   1   4   7.3e-07   0.00085   16.8   0.2    78   179     1   114     1   128 0.77 -
TRINITY_DN11711_c0_g1_i5:428-1696 -            423 633at3041            -            496   9.5e-06   23.2   8.1   2   4    0.0087        10    3.3   0.0   437   488   137   188   119   196 0.85 -
TRINITY_DN11711_c0_g1_i5:428-1696 -            423 633at3041            -            496   9.5e-06   23.2   8.1   3   4    0.0031       3.6    4.8   2.0   294   370   239   323   230   368 0.67 -
TRINITY_DN11711_c0_g1_i5:428-1696 -            423 633at3041            -            496   9.5e-06   23.2   8.1   4   4      0.46   5.3e+02   -2.3   0.0   411   443   390   422   382   423 0.82 -
#
# Program:         hmmsearch
# Version:         3.2.1 (June 2018)
# Pipeline mode:   SEARCH
# Query file:      /sw/bioinfo/BUSCO/v5_lineage_sets/lineages/chlorophyta_odb10/hmms/633at3041.hmm
# Target file:     /crex/proj/snic2022-23-81/expression_algae/code/busco/trinity_VA-3180-Osg10Sin/run_chlorophyta_odb10/metaeuk_output/initial_results/trinity_VA-3180-Osg10Sin.Trinity.fasta.modified.fas
# Option settings: hmmsearch --domtblout /crex/proj/snic2022-23-81/expression_algae/code/busco/trinity_VA-3180-Osg10Sin/run_chlorophyta_odb10/hmmer_output/initial_run_results/633at3041.out --cpu 1 /sw/bioinfo/BUSCO/v5_lineage_sets/lineages/chlorophyta_odb10/hmms/633at3041.hmm /crex/proj/snic2022-23-81/expression_algae/code/busco/trinity_VA-3180-Osg10Sin/run_chlorophyta_odb10/metaeuk_output/initial_results/trinity_VA-3180-Osg10Sin.Trinity.fasta.modified.fas 
# Current dir:     /crex/proj/snic2022-23-81/expression_algae/code/busco
# Date:            Fri Sep 23 10:12:47 2022
# [ok]
