#                                                                                         --- full sequence --- -------------- this domain -------------   hmm coord   ali coord   env coord
# target name                     accession   tlen query name           accession   qlen   E-value  score  bias   #  of  c-Evalue  i-Evalue  score  bias  from    to  from    to  from    to  acc description of target
#             ------------------- ---------- ----- -------------------- ---------- ----- --------- ------ ----- --- --- --------- --------- ------ ----- ----- ----- ----- ----- ----- ----- ---- ---------------------
TRINITY_DN1149_c0_g1_i1:2989-4026 -            346 6491at3041           -            246   2.9e-45  153.1   4.9   1   2   1.7e-45   1.4e-42  144.3   1.9     5   216     7   249     3   272 0.81 -
TRINITY_DN1149_c0_g1_i1:2989-4026 -            346 6491at3041           -            246   2.9e-45  153.1   4.9   2   2   0.00029      0.25    9.2   0.1   211   245   301   335   285   336 0.80 -
TRINITY_DN1149_c0_g1_i2:2973-4010 -            346 6491at3041           -            246   3.3e-45  152.9   4.8   1   2   1.5e-45   1.3e-42  144.4   1.7     5   215     7   248     3   272 0.81 -
TRINITY_DN1149_c0_g1_i2:2973-4010 -            346 6491at3041           -            246   3.3e-45  152.9   4.8   2   2   0.00029      0.26    9.2   0.1   211   245   301   335   285   336 0.80 -
TRINITY_DN1149_c0_g1_i4:0-596     -            199 6491at3041           -            246   1.3e-34  118.2   1.8   1   1     3e-37   2.6e-34  117.2   1.8     5   168     7   193     3   198 0.82 -
TRINITY_DN73358_c0_g1_i1:32-430   -            133 6491at3041           -            246   9.6e-26   89.2   0.4   1   1   3.3e-28   2.9e-25   87.6   0.4    40   153     1   132     1   133 0.80 -
TRINITY_DN65459_c0_g1_i1:3-458    -            152 6491at3041           -            246   3.8e-24   84.0   0.2   1   1   5.3e-27   4.6e-24   83.7   0.2    16   139     6   144     1   152 0.81 -
TRINITY_DN95361_c0_g1_i1:352-774  -            141 6491at3041           -            246   4.1e-21   74.0   0.2   1   1   1.1e-23   9.9e-21   72.8   0.2     7   124     1   141     1   141 0.76 -
TRINITY_DN5353_c0_g1_i3:2-499     -            166 6491at3041           -            246   1.2e-18   65.9   0.0   1   2   1.2e-20     1e-17   62.9   0.1    22   110    36   128    12   136 0.85 -
TRINITY_DN5353_c0_g1_i3:2-499     -            166 6491at3041           -            246   1.2e-18   65.9   0.0   2   2     0.089        78    1.1   0.0   111   130   147   166   142   166 0.87 -
TRINITY_DN5353_c0_g1_i5:2-499     -            166 6491at3041           -            246   1.2e-18   65.9   0.0   1   2   1.2e-20     1e-17   62.9   0.1    22   110    36   128    12   136 0.85 -
TRINITY_DN5353_c0_g1_i5:2-499     -            166 6491at3041           -            246   1.2e-18   65.9   0.0   2   2     0.089        78    1.1   0.0   111   130   147   166   142   166 0.87 -
#
# Program:         hmmsearch
# Version:         3.2.1 (June 2018)
# Pipeline mode:   SEARCH
# Query file:      /sw/bioinfo/BUSCO/v5_lineage_sets/lineages/chlorophyta_odb10/hmms/6491at3041.hmm
# Target file:     /crex/proj/snic2022-23-81/expression_algae/code/busco/trinity_VA-3180-Osg10Sin/run_chlorophyta_odb10/metaeuk_output/initial_results/trinity_VA-3180-Osg10Sin.Trinity.fasta.modified.fas
# Option settings: hmmsearch --domtblout /crex/proj/snic2022-23-81/expression_algae/code/busco/trinity_VA-3180-Osg10Sin/run_chlorophyta_odb10/hmmer_output/initial_run_results/6491at3041.out --cpu 1 /sw/bioinfo/BUSCO/v5_lineage_sets/lineages/chlorophyta_odb10/hmms/6491at3041.hmm /crex/proj/snic2022-23-81/expression_algae/code/busco/trinity_VA-3180-Osg10Sin/run_chlorophyta_odb10/metaeuk_output/initial_results/trinity_VA-3180-Osg10Sin.Trinity.fasta.modified.fas 
# Current dir:     /crex/proj/snic2022-23-81/expression_algae/code/busco
# Date:            Fri Sep 23 10:12:48 2022
# [ok]
