#                                                                                        --- full sequence --- -------------- this domain -------------   hmm coord   ali coord   env coord
# target name                    accession   tlen query name           accession   qlen   E-value  score  bias   #  of  c-Evalue  i-Evalue  score  bias  from    to  from    to  from    to  acc description of target
#            ------------------- ---------- ----- -------------------- ---------- ----- --------- ------ ----- --- --- --------- --------- ------ ----- ----- ----- ----- ----- ----- ----- ---- ---------------------
TRINITY_DN82676_c0_g1_i1:113-436 -            108 6562at3041           -            428   5.4e-10   37.4  11.3   1   1   1.3e-11   1.3e-08   32.9  11.3   286   394     2   100     1   104 0.82 -
TRINITY_DN1806_c0_g1_i1:122-472  -            117 6562at3041           -            428   1.3e-08   32.8   2.5   1   1   1.3e-10   1.3e-07   29.6   2.5   294   396     8    97     4   102 0.80 -
TRINITY_DN3629_c0_g1_i3:693-1007 -            105 6562at3041           -            428   1.4e-07   29.4   4.0   1   1   3.9e-09   3.9e-06   24.7   4.0   286   396     4   101     1   104 0.86 -
TRINITY_DN40096_c0_g1_i1:99-455  -            119 6562at3041           -            428   0.00049   17.8   0.0   1   2   1.9e-06    0.0019   15.8   0.0   188   246     8    64     4    70 0.83 -
TRINITY_DN40096_c0_g1_i1:99-455  -            119 6562at3041           -            428   0.00049   17.8   0.0   2   2      0.13   1.3e+02   -0.1   0.0   255   269   103   117    75   119 0.81 -
TRINITY_DN11267_c0_g1_i1:65-346  -             94 6562at3041           -            428   0.00061   17.4   0.0   1   3    0.0024       2.4    5.6   0.0   212   244    10    43     6    45 0.80 -
TRINITY_DN11267_c0_g1_i1:65-346  -             94 6562at3041           -            428   0.00061   17.4   0.0   2   3   5.6e-05     0.056   11.0   0.0    63    93    41    71    26    78 0.87 -
TRINITY_DN11267_c0_g1_i1:65-346  -             94 6562at3041           -            428   0.00061   17.4   0.0   3   3     0.048        48    1.3   0.0   252   269    75    92    71    94 0.82 -
TRINITY_DN11267_c0_g1_i2:65-412  -            116 6562at3041           -            428    0.0015   16.2   0.0   1   3    0.0037       3.7    5.0   0.0   212   244    32    65    28    67 0.80 -
TRINITY_DN11267_c0_g1_i2:65-412  -            116 6562at3041           -            428    0.0015   16.2   0.0   2   3   0.00014      0.14    9.7   0.0    63    93    63    93    61   101 0.91 -
TRINITY_DN11267_c0_g1_i2:65-412  -            116 6562at3041           -            428    0.0015   16.2   0.0   3   3     0.067        66    0.9   0.0   252   269    97   114    93   116 0.82 -
TRINITY_DN87134_c0_g1_i1:0-305   -            102 6562at3041           -            428    0.0047   14.6   2.8   1   1   5.4e-06    0.0054   14.3   2.8   352   426     1    79     1    81 0.67 -
#
# Program:         hmmsearch
# Version:         3.2.1 (June 2018)
# Pipeline mode:   SEARCH
# Query file:      /sw/bioinfo/BUSCO/v5_lineage_sets/lineages/chlorophyta_odb10/hmms/6562at3041.hmm
# Target file:     /crex/proj/snic2022-23-81/expression_algae/code/busco/trinity_VA-3180-Osg10Sin/run_chlorophyta_odb10/metaeuk_output/initial_results/trinity_VA-3180-Osg10Sin.Trinity.fasta.modified.fas
# Option settings: hmmsearch --domtblout /crex/proj/snic2022-23-81/expression_algae/code/busco/trinity_VA-3180-Osg10Sin/run_chlorophyta_odb10/hmmer_output/initial_run_results/6562at3041.out --cpu 1 /sw/bioinfo/BUSCO/v5_lineage_sets/lineages/chlorophyta_odb10/hmms/6562at3041.hmm /crex/proj/snic2022-23-81/expression_algae/code/busco/trinity_VA-3180-Osg10Sin/run_chlorophyta_odb10/metaeuk_output/initial_results/trinity_VA-3180-Osg10Sin.Trinity.fasta.modified.fas 
# Current dir:     /crex/proj/snic2022-23-81/expression_algae/code/busco
# Date:            Fri Sep 23 10:12:48 2022
# [ok]
