#                                                                                        --- full sequence --- -------------- this domain -------------   hmm coord   ali coord   env coord
# target name                    accession   tlen query name           accession   qlen   E-value  score  bias   #  of  c-Evalue  i-Evalue  score  bias  from    to  from    to  from    to  acc description of target
#            ------------------- ---------- ----- -------------------- ---------- ----- --------- ------ ----- --- --- --------- --------- ------ ----- ----- ----- ----- ----- ----- ----- ---- ---------------------
TRINITY_DN7677_c0_g1_i1:831-1307 -            159 10100at3041          -            213   2.6e-10   38.2   7.2   1   1   1.3e-12   5.2e-10   37.2   7.2   160   213    14    70    11    70 0.88 -
TRINITY_DN71828_c0_g1_i1:80-256  -             59 10100at3041          -            213   1.5e-09   35.7   8.2   1   1     4e-12   1.6e-09   35.6   8.2   162   210     2    52     1    54 0.88 -
TRINITY_DN53194_c0_g1_i2:268-489 -             74 10100at3041          -            213   7.4e-07   26.9   3.3   1   1   2.2e-09   8.7e-07   26.7   3.3   161   207     4    56     1    60 0.81 -
TRINITY_DN69648_c0_g1_i1:26-133  -             36 10100at3041          -            213   2.5e-06   25.2   1.6   1   1   6.3e-09   2.5e-06   25.2   1.6   175   204     6    35     1    36 0.91 -
TRINITY_DN12686_c0_g1_i1:19-153  -             45 10100at3041          -            213   1.4e-05   22.7   4.4   1   1   3.6e-08   1.4e-05   22.7   4.4   177   204    17    44     1    45 0.78 -
TRINITY_DN31228_c0_g1_i1:36-140  -             35 10100at3041          -            213   0.00024   18.7   5.1   1   1   6.3e-07   0.00025   18.6   5.1   178   201    12    35     6    35 0.95 -
TRINITY_DN34700_c0_g1_i1:52-201  -             50 10100at3041          -            213   0.00097   16.7  11.1   1   1   2.5e-06     0.001   16.6  11.1   160   203     3    50     1    50 0.86 -
TRINITY_DN54754_c0_g1_i1:78-242  -             55 10100at3041          -            213    0.0018   15.8   3.8   1   1   5.3e-06    0.0021   15.6   3.8   163   201    13    55    10    55 0.77 -
TRINITY_DN62463_c0_g1_i1:280-471 -             64 10100at3041          -            213     0.004   14.7   2.7   1   2      0.69   2.7e+02   -1.1   0.1   197   206     5    14     2    17 0.82 -
TRINITY_DN62463_c0_g1_i1:280-471 -             64 10100at3041          -            213     0.004   14.7   2.7   2   2     1e-05     0.004   14.7   2.7   178   205    33    62    25    64 0.83 -
TRINITY_DN9352_c0_g1_i1:421-954  -            178 10100at3041          -            213     0.015   12.8  10.3   1   1   5.8e-05     0.023   12.2  10.3   164   206    63   110    60   114 0.83 -
TRINITY_DN8144_c0_g1_i1:21-542   -            174 10100at3041          -            213     0.017   12.6   2.6   1   1   0.00012     0.047   11.2   2.6   161   194   137   171   132   173 0.83 -
#
# Program:         hmmsearch
# Version:         3.2.1 (June 2018)
# Pipeline mode:   SEARCH
# Query file:      /sw/bioinfo/BUSCO/v5_lineage_sets/lineages/chlorophyta_odb10/hmms/10100at3041.hmm
# Target file:     /crex/proj/snic2022-23-81/expression_algae/code/busco/trinity_VA-3180-Osg10Pal/run_chlorophyta_odb10/metaeuk_output/initial_results/trinity_VA-3180-Osg10Pal.Trinity.fasta.modified.fas
# Option settings: hmmsearch --domtblout /crex/proj/snic2022-23-81/expression_algae/code/busco/trinity_VA-3180-Osg10Pal/run_chlorophyta_odb10/hmmer_output/initial_run_results/10100at3041.out --cpu 1 /sw/bioinfo/BUSCO/v5_lineage_sets/lineages/chlorophyta_odb10/hmms/10100at3041.hmm /crex/proj/snic2022-23-81/expression_algae/code/busco/trinity_VA-3180-Osg10Pal/run_chlorophyta_odb10/metaeuk_output/initial_results/trinity_VA-3180-Osg10Pal.Trinity.fasta.modified.fas 
# Current dir:     /crex/proj/snic2022-23-81/expression_algae/code/busco
# Date:            Fri Sep 23 10:12:22 2022
# [ok]
