#                                                                                        --- full sequence --- -------------- this domain -------------   hmm coord   ali coord   env coord
# target name                    accession   tlen query name           accession   qlen   E-value  score  bias   #  of  c-Evalue  i-Evalue  score  bias  from    to  from    to  from    to  acc description of target
#            ------------------- ---------- ----- -------------------- ---------- ----- --------- ------ ----- --- --- --------- --------- ------ ----- ----- ----- ----- ----- ----- ----- ---- ---------------------
TRINITY_DN51045_c0_g1_i1:2-256   -             85 11669at3041          -             84   6.1e-38  126.9   0.2   1   1   1.4e-40   7.4e-38  126.6   0.2     1    78     3    85     3    85 0.96 -
TRINITY_DN23573_c0_g1_i1:185-394 -             70 11669at3041          -             84   2.5e-08   32.0   0.2   1   1     7e-11   3.8e-08   31.4   0.2     2    62     5    62     4    67 0.86 -
TRINITY_DN15284_c0_g1_i1:89-304  -             72 11669at3041          -             84   1.8e-06   26.1   0.0   1   1   3.8e-09   2.1e-06   25.9   0.0     3    37    10    44     8    70 0.92 -
TRINITY_DN1040_c0_g1_i1:246-557  -            104 11669at3041          -             84   3.8e-05   21.8   0.1   1   1   2.4e-07   0.00013   20.1   0.1     2    38    15    51    14    90 0.75 -
TRINITY_DN1040_c0_g1_i2:365-676  -            104 11669at3041          -             84   3.8e-05   21.8   0.1   1   1   2.4e-07   0.00013   20.1   0.1     2    38    15    51    14    90 0.75 -
TRINITY_DN52648_c0_g1_i1:50-286  -             79 11669at3041          -             84   0.00065   17.9   0.1   1   2   0.00029      0.16   10.2   0.1     4    37    10    43     7    50 0.86 -
TRINITY_DN52648_c0_g1_i1:50-286  -             79 11669at3041          -             84   0.00065   17.9   0.1   2   2    0.0052       2.8    6.2   0.0    31    59    50    78    45    79 0.88 -
TRINITY_DN13845_c0_g1_i1:2-424   -            141 11669at3041          -             84    0.0014   16.8   0.1   1   2   2.2e-05     0.012   13.8   0.0     2    37    12    47    11    51 0.87 -
TRINITY_DN13845_c0_g1_i1:2-424   -            141 11669at3041          -             84    0.0014   16.8   0.1   2   2      0.28   1.5e+02    0.7   0.0    43    58    64    79    60    85 0.85 -
TRINITY_DN67152_c0_g1_i1:7-273   -             89 11669at3041          -             84    0.0025   16.0   0.0   1   1   6.1e-06    0.0033   15.6   0.0    14    61    37    85    25    88 0.74 -
#
# Program:         hmmsearch
# Version:         3.2.1 (June 2018)
# Pipeline mode:   SEARCH
# Query file:      /sw/bioinfo/BUSCO/v5_lineage_sets/lineages/chlorophyta_odb10/hmms/11669at3041.hmm
# Target file:     /crex/proj/snic2022-23-81/expression_algae/code/busco/trinity_VA-3180-Osg10Pal/run_chlorophyta_odb10/metaeuk_output/initial_results/trinity_VA-3180-Osg10Pal.Trinity.fasta.modified.fas
# Option settings: hmmsearch --domtblout /crex/proj/snic2022-23-81/expression_algae/code/busco/trinity_VA-3180-Osg10Pal/run_chlorophyta_odb10/hmmer_output/initial_run_results/11669at3041.out --cpu 1 /sw/bioinfo/BUSCO/v5_lineage_sets/lineages/chlorophyta_odb10/hmms/11669at3041.hmm /crex/proj/snic2022-23-81/expression_algae/code/busco/trinity_VA-3180-Osg10Pal/run_chlorophyta_odb10/metaeuk_output/initial_results/trinity_VA-3180-Osg10Pal.Trinity.fasta.modified.fas 
# Current dir:     /crex/proj/snic2022-23-81/expression_algae/code/busco
# Date:            Fri Sep 23 10:12:23 2022
# [ok]
