#                                                                                         --- full sequence --- -------------- this domain -------------   hmm coord   ali coord   env coord
# target name                     accession   tlen query name           accession   qlen   E-value  score  bias   #  of  c-Evalue  i-Evalue  score  bias  from    to  from    to  from    to  acc description of target
#             ------------------- ---------- ----- -------------------- ---------- ----- --------- ------ ----- --- --- --------- --------- ------ ----- ----- ----- ----- ----- ----- ----- ---- ---------------------
TRINITY_DN3650_c1_g2_i1:2256-2831 -            192 2403at3041           -            289   3.5e-14   50.7   3.3   1   1   9.4e-16   5.8e-13   46.7   3.3   141   287     2   189     1   191 0.63 -
TRINITY_DN2358_c0_g1_i5:789-1457  -            223 2403at3041           -            289   4.2e-13   47.2   0.4   1   2   1.5e-12   9.4e-10   36.2   0.1   108   193     2    91     1   115 0.75 -
TRINITY_DN2358_c0_g1_i5:789-1457  -            223 2403at3041           -            289   4.2e-13   47.2   0.4   2   2   0.00022      0.14    9.4   0.0   213   288   135   222   132   223 0.74 -
TRINITY_DN2358_c0_g1_i6:469-1137  -            223 2403at3041           -            289   4.2e-13   47.2   0.4   1   2   1.5e-12   9.4e-10   36.2   0.1   108   193     2    91     1   115 0.75 -
TRINITY_DN2358_c0_g1_i6:469-1137  -            223 2403at3041           -            289   4.2e-13   47.2   0.4   2   2   0.00022      0.14    9.4   0.0   213   288   135   222   132   223 0.74 -
TRINITY_DN32784_c0_g1_i1:274-798  -            175 2403at3041           -            289   8.5e-13   46.2   0.0   1   1   1.7e-15   1.1e-12   45.9   0.0   105   207    46   162     4   164 0.69 -
TRINITY_DN23929_c0_g1_i1:167-1045 -            293 2403at3041           -            289   6.8e-12   43.2   0.7   1   2    0.0002      0.13    9.5   0.0   106   152    29    80     7    86 0.60 -
TRINITY_DN23929_c0_g1_i1:167-1045 -            293 2403at3041           -            289   6.8e-12   43.2   0.7   2   2   3.9e-11   2.4e-08   31.6   0.2   155   259   156   288   140   290 0.70 -
TRINITY_DN5142_c0_g1_i2:23-586    -            188 2403at3041           -            289   3.3e-06   24.5   0.0   1   1   6.2e-09   3.8e-06   24.3   0.0    16    78    15    86     1   119 0.72 -
TRINITY_DN5142_c0_g1_i1:39-497    -            153 2403at3041           -            289    0.0032   14.8   0.0   1   1   5.8e-06    0.0036   14.6   0.0    46    78    16    51     1    85 0.71 -
#
# Program:         hmmsearch
# Version:         3.2.1 (June 2018)
# Pipeline mode:   SEARCH
# Query file:      /sw/bioinfo/BUSCO/v5_lineage_sets/lineages/chlorophyta_odb10/hmms/2403at3041.hmm
# Target file:     /crex/proj/snic2022-23-81/expression_algae/code/busco/trinity_VA-3180-Osg10Pal/run_chlorophyta_odb10/metaeuk_output/initial_results/trinity_VA-3180-Osg10Pal.Trinity.fasta.modified.fas
# Option settings: hmmsearch --domtblout /crex/proj/snic2022-23-81/expression_algae/code/busco/trinity_VA-3180-Osg10Pal/run_chlorophyta_odb10/hmmer_output/initial_run_results/2403at3041.out --cpu 1 /sw/bioinfo/BUSCO/v5_lineage_sets/lineages/chlorophyta_odb10/hmms/2403at3041.hmm /crex/proj/snic2022-23-81/expression_algae/code/busco/trinity_VA-3180-Osg10Pal/run_chlorophyta_odb10/metaeuk_output/initial_results/trinity_VA-3180-Osg10Pal.Trinity.fasta.modified.fas 
# Current dir:     /crex/proj/snic2022-23-81/expression_algae/code/busco
# Date:            Fri Sep 23 10:12:26 2022
# [ok]
