#                                                                                        --- full sequence --- -------------- this domain -------------   hmm coord   ali coord   env coord
# target name                    accession   tlen query name           accession   qlen   E-value  score  bias   #  of  c-Evalue  i-Evalue  score  bias  from    to  from    to  from    to  acc description of target
#            ------------------- ---------- ----- -------------------- ---------- ----- --------- ------ ----- --- --- --------- --------- ------ ----- ----- ----- ----- ----- ----- ----- ---- ---------------------
TRINITY_DN21548_c0_g1_i2:11-898  -            296 2851at3041           -            257  4.3e-156  515.9   1.7   1   1  2.5e-158  1.4e-155  514.3   1.7     1   257     8   296     8   296 0.94 -
TRINITY_DN21548_c0_g1_i3:126-710 -            195 2851at3041           -            257  8.8e-134  442.8   1.0   1   1  1.8e-136  9.9e-134  442.7   1.0     1   188     8   195     8   195 1.00 -
TRINITY_DN1943_c0_g1_i1:111-518  -            136 2851at3041           -            257   7.1e-24   82.7   0.0   1   1   1.5e-26   8.1e-24   82.5   0.0    59   142     4    90     1   108 0.85 -
TRINITY_DN1664_c0_g1_i2:77-1054  -            326 2851at3041           -            257   3.1e-11   41.2   0.0   1   2   1.3e-13     7e-11   40.1   0.0     9   153    10   153     5   167 0.86 -
TRINITY_DN1664_c0_g1_i2:77-1054  -            326 2851at3041           -            257   3.1e-11   41.2   0.0   2   2       1.8   9.9e+02   -3.0   0.0    64    85   222   245   215   255 0.57 -
TRINITY_DN1664_c0_g1_i1:144-562  -            102 2851at3041           -            257   5.8e-05   20.7   0.0   1   1   1.2e-07   6.7e-05   20.5   0.0     9    91    20   102    14   102 0.90 -
TRINITY_DN156_c0_g1_i1:1176-2048 -            291 2851at3041           -            257   0.00043   17.8   0.1   1   1   1.2e-06   0.00063   17.3   0.1    32   126    38   126    28   151 0.79 -
TRINITY_DN156_c0_g1_i2:1176-2130 -            291 2851at3041           -            257   0.00043   17.8   0.1   1   1   1.2e-06   0.00063   17.3   0.1    32   126    38   126    28   151 0.79 -
TRINITY_DN272_c0_g1_i2:147-1406  -            420 2851at3041           -            257     0.033   11.7   0.0   1   2     0.002       1.1    6.7   0.0    94   149   176   237   172   252 0.73 -
TRINITY_DN272_c0_g1_i2:147-1406  -            420 2851at3041           -            257     0.033   11.7   0.0   2   2     0.033        18    2.7   0.0   115   169   339   392   329   398 0.71 -
#
# Program:         hmmsearch
# Version:         3.2.1 (June 2018)
# Pipeline mode:   SEARCH
# Query file:      /sw/bioinfo/BUSCO/v5_lineage_sets/lineages/chlorophyta_odb10/hmms/2851at3041.hmm
# Target file:     /crex/proj/snic2022-23-81/expression_algae/code/busco/trinity_VA-3180-Osg10Pal/run_chlorophyta_odb10/metaeuk_output/initial_results/trinity_VA-3180-Osg10Pal.Trinity.fasta.modified.fas
# Option settings: hmmsearch --domtblout /crex/proj/snic2022-23-81/expression_algae/code/busco/trinity_VA-3180-Osg10Pal/run_chlorophyta_odb10/hmmer_output/initial_run_results/2851at3041.out --cpu 1 /sw/bioinfo/BUSCO/v5_lineage_sets/lineages/chlorophyta_odb10/hmms/2851at3041.hmm /crex/proj/snic2022-23-81/expression_algae/code/busco/trinity_VA-3180-Osg10Pal/run_chlorophyta_odb10/metaeuk_output/initial_results/trinity_VA-3180-Osg10Pal.Trinity.fasta.modified.fas 
# Current dir:     /crex/proj/snic2022-23-81/expression_algae/code/busco
# Date:            Fri Sep 23 10:12:24 2022
# [ok]
