#                                                                                         --- full sequence --- -------------- this domain -------------   hmm coord   ali coord   env coord
# target name                     accession   tlen query name           accession   qlen   E-value  score  bias   #  of  c-Evalue  i-Evalue  score  bias  from    to  from    to  from    to  acc description of target
#             ------------------- ---------- ----- -------------------- ---------- ----- --------- ------ ----- --- --- --------- --------- ------ ----- ----- ----- ----- ----- ----- ----- ---- ---------------------
TRINITY_DN918_c0_g1_i1:51-1196    -            382 4899at3041           -            307  2.4e-131  435.1  10.5   1   1  1.4e-132  6.9e-130  430.3  10.5     6   306    18   379    13   381 0.87 -
TRINITY_DN27131_c0_g1_i1:365-1342 -            326 4899at3041           -            307   3.4e-16   56.9   0.0   1   1   1.2e-18   5.7e-16   56.2   0.0     3   274     7   315     5   323 0.68 -
TRINITY_DN1300_c0_g1_i4:42-782    -            247 4899at3041           -            307   3.9e-07   27.1   0.2   1   2      0.43   2.1e+02   -1.5   0.0   103   133    11    41     6    46 0.85 -
TRINITY_DN1300_c0_g1_i4:42-782    -            247 4899at3041           -            307   3.9e-07   27.1   0.2   2   2   2.5e-09   1.2e-06   25.6   0.1    57   209    65   233    60   246 0.75 -
TRINITY_DN41908_c0_g1_i1:2-418    -            139 4899at3041           -            307   0.00014   18.8   0.0   1   2     0.018       8.6    3.0   0.0   103   130    19    46     7    50 0.86 -
TRINITY_DN41908_c0_g1_i1:2-418    -            139 4899at3041           -            307   0.00014   18.8   0.0   2   2   7.7e-06    0.0037   14.1   0.0    56    90    65   103    57   130 0.84 -
TRINITY_DN3314_c0_g1_i1:225-878   -            218 4899at3041           -            307   0.00035   17.4   0.4   1   1   1.3e-06   0.00063   16.6   0.4    55   144    36   143    31   194 0.66 -
TRINITY_DN3314_c0_g1_i2:0-536     -            179 4899at3041           -            307   0.00056   16.8   0.0   1   1   1.8e-06   0.00085   16.2   0.0    55   136    36   135    31   160 0.66 -
TRINITY_DN22881_c0_g3_i1:3-527    -            175 4899at3041           -            307     0.002   15.0   0.0   1   1   4.5e-06    0.0022   14.8   0.0    67   130    14    86     2   155 0.75 -
TRINITY_DN22020_c0_g1_i1:6-572    -            189 4899at3041           -            307     0.002   15.0   2.7   1   1   9.3e-06    0.0045   13.8   2.7    56   124    64   146     3   171 0.67 -
TRINITY_DN22881_c0_g1_i1:127-669  -            181 4899at3041           -            307    0.0055   13.5   0.0   1   1   1.3e-05    0.0065   13.3   0.0    70   141    14    98     1   151 0.71 -
#
# Program:         hmmsearch
# Version:         3.2.1 (June 2018)
# Pipeline mode:   SEARCH
# Query file:      /sw/bioinfo/BUSCO/v5_lineage_sets/lineages/chlorophyta_odb10/hmms/4899at3041.hmm
# Target file:     /crex/proj/snic2022-23-81/expression_algae/code/busco/trinity_VA-3180-Osg10Pal/run_chlorophyta_odb10/metaeuk_output/initial_results/trinity_VA-3180-Osg10Pal.Trinity.fasta.modified.fas
# Option settings: hmmsearch --domtblout /crex/proj/snic2022-23-81/expression_algae/code/busco/trinity_VA-3180-Osg10Pal/run_chlorophyta_odb10/hmmer_output/initial_run_results/4899at3041.out --cpu 1 /sw/bioinfo/BUSCO/v5_lineage_sets/lineages/chlorophyta_odb10/hmms/4899at3041.hmm /crex/proj/snic2022-23-81/expression_algae/code/busco/trinity_VA-3180-Osg10Pal/run_chlorophyta_odb10/metaeuk_output/initial_results/trinity_VA-3180-Osg10Pal.Trinity.fasta.modified.fas 
# Current dir:     /crex/proj/snic2022-23-81/expression_algae/code/busco
# Date:            Fri Sep 23 10:12:28 2022
# [ok]
