#                                                                                         --- full sequence --- -------------- this domain -------------   hmm coord   ali coord   env coord
# target name                     accession   tlen query name           accession   qlen   E-value  score  bias   #  of  c-Evalue  i-Evalue  score  bias  from    to  from    to  from    to  acc description of target
#             ------------------- ---------- ----- -------------------- ---------- ----- --------- ------ ----- --- --- --------- --------- ------ ----- ----- ----- ----- ----- ----- ----- ---- ---------------------
TRINITY_DN10716_c0_g1_i1:2-784    -            261 4993at3041           -            231  1.6e-104  346.6   0.1   1   1  2.5e-107  1.8e-104  346.4   0.1     3   231     1   254     1   254 0.92 -
TRINITY_DN7507_c0_g1_i1:19-888    -            290 4993at3041           -            231    0.0012   16.5   0.0   1   2   0.00014     0.099   10.2   0.0    53   154   146   242    99   246 0.76 -
TRINITY_DN7507_c0_g1_i1:19-888    -            290 4993at3041           -            231    0.0012   16.5   0.0   2   2    0.0042         3    5.4   0.0   198   224   242   268   235   272 0.82 -
TRINITY_DN10515_c0_g1_i1:324-1274 -            317 4993at3041           -            231    0.0014   16.3   0.0   1   1   5.4e-06    0.0039   14.8   0.0   104   169   167   233   145   263 0.88 -
TRINITY_DN4146_c0_g1_i2:13-957    -            315 4993at3041           -            231    0.0026   15.4   0.0   1   2   0.00014     0.098   10.2   0.0    35    85   102   153    69   172 0.72 -
TRINITY_DN4146_c0_g1_i2:13-957    -            315 4993at3041           -            231    0.0026   15.4   0.0   2   2      0.02        15    3.1   0.0   202   229   232   259   219   261 0.87 -
TRINITY_DN50982_c0_g1_i1:123-1028 -            302 4993at3041           -            231    0.0046   14.6   0.0   1   2     0.004       2.9    5.4   0.0    29   146   119   231   105   245 0.68 -
TRINITY_DN50982_c0_g1_i1:123-1028 -            302 4993at3041           -            231    0.0046   14.6   0.0   2   2    0.0012      0.84    7.2   0.0   194   225   249   280   232   283 0.71 -
TRINITY_DN4146_c0_g1_i1:68-835    -            256 4993at3041           -            231    0.0067   14.1   0.0   1   2     9e-05     0.065   10.8   0.0    35    85   102   153    63   172 0.73 -
TRINITY_DN4146_c0_g1_i1:68-835    -            256 4993at3041           -            231    0.0067   14.1   0.0   2   2     0.087        63    1.0   0.0   202   219   232   249   217   255 0.84 -
#
# Program:         hmmsearch
# Version:         3.2.1 (June 2018)
# Pipeline mode:   SEARCH
# Query file:      /sw/bioinfo/BUSCO/v5_lineage_sets/lineages/chlorophyta_odb10/hmms/4993at3041.hmm
# Target file:     /crex/proj/snic2022-23-81/expression_algae/code/busco/trinity_VA-3180-Osg10Pal/run_chlorophyta_odb10/metaeuk_output/initial_results/trinity_VA-3180-Osg10Pal.Trinity.fasta.modified.fas
# Option settings: hmmsearch --domtblout /crex/proj/snic2022-23-81/expression_algae/code/busco/trinity_VA-3180-Osg10Pal/run_chlorophyta_odb10/hmmer_output/initial_run_results/4993at3041.out --cpu 1 /sw/bioinfo/BUSCO/v5_lineage_sets/lineages/chlorophyta_odb10/hmms/4993at3041.hmm /crex/proj/snic2022-23-81/expression_algae/code/busco/trinity_VA-3180-Osg10Pal/run_chlorophyta_odb10/metaeuk_output/initial_results/trinity_VA-3180-Osg10Pal.Trinity.fasta.modified.fas 
# Current dir:     /crex/proj/snic2022-23-81/expression_algae/code/busco
# Date:            Fri Sep 23 10:12:28 2022
# [ok]
