#                                                                                        --- full sequence --- -------------- this domain -------------   hmm coord   ali coord   env coord
# target name                    accession   tlen query name           accession   qlen   E-value  score  bias   #  of  c-Evalue  i-Evalue  score  bias  from    to  from    to  from    to  acc description of target
#            ------------------- ---------- ----- -------------------- ---------- ----- --------- ------ ----- --- --- --------- --------- ------ ----- ----- ----- ----- ----- ----- ----- ---- ---------------------
TRINITY_DN53194_c0_g1_i2:268-489 -             74 5706at3041           -            205   4.7e-07   27.4   5.9   1   1   2.2e-09   1.1e-06   26.3   5.7    60   116     5    52     1    58 0.82 -
TRINITY_DN7322_c0_g1_i1:79-693   -            205 5706at3041           -            205   7.2e-06   23.6   0.9   1   2   5.7e-05     0.027   11.9   0.0    19    46    13    41     5    53 0.82 -
TRINITY_DN7322_c0_g1_i1:79-693   -            205 5706at3041           -            205   7.2e-06   23.6   0.9   2   2   0.00017     0.085   10.3   0.2    21    50   152   181   142   189 0.86 -
TRINITY_DN7677_c0_g1_i1:831-1307 -            159 5706at3041           -            205   0.00019   18.9   6.9   1   1   8.8e-07   0.00042   17.8   7.0    54   116    10    60     3    71 0.81 -
TRINITY_DN62463_c0_g1_i1:280-471 -             64 5706at3041           -            205   0.00091   16.7   7.9   1   1   5.5e-06    0.0026   15.2   8.2    84   117    32    61     5    64 0.84 -
TRINITY_DN9352_c0_g1_i1:421-954  -            178 5706at3041           -            205    0.0021   15.5   1.7   1   1   6.3e-06     0.003   15.0   1.7    61   117    62   108    39   135 0.82 -
TRINITY_DN12686_c0_g1_i1:19-153  -             45 5706at3041           -            205    0.0048   14.3   5.5   1   1   1.1e-05    0.0054   14.2   5.5    62   116     1    43     1    45 0.73 -
TRINITY_DN34700_c0_g1_i1:52-201  -             50 5706at3041           -            205     0.011   13.2   9.8   1   1   4.8e-05     0.023   12.1   9.8    82   116    18    50     1    50 0.80 -
TRINITY_DN71828_c0_g1_i1:80-256  -             59 5706at3041           -            205     0.029   11.8   9.5   1   1   9.1e-05     0.044   11.2   9.5    83   119    16    48     1    53 0.83 -
TRINITY_DN8144_c0_g1_i1:21-542   -            174 5706at3041           -            205     0.038   11.4   2.1   1   1   0.00019      0.09   10.2   2.2    57   100   135   170   129   174 0.80 -
#
# Program:         hmmsearch
# Version:         3.2.1 (June 2018)
# Pipeline mode:   SEARCH
# Query file:      /sw/bioinfo/BUSCO/v5_lineage_sets/lineages/chlorophyta_odb10/hmms/5706at3041.hmm
# Target file:     /crex/proj/snic2022-23-81/expression_algae/code/busco/trinity_VA-3180-Osg10Pal/run_chlorophyta_odb10/metaeuk_output/initial_results/trinity_VA-3180-Osg10Pal.Trinity.fasta.modified.fas
# Option settings: hmmsearch --domtblout /crex/proj/snic2022-23-81/expression_algae/code/busco/trinity_VA-3180-Osg10Pal/run_chlorophyta_odb10/hmmer_output/initial_run_results/5706at3041.out --cpu 1 /sw/bioinfo/BUSCO/v5_lineage_sets/lineages/chlorophyta_odb10/hmms/5706at3041.hmm /crex/proj/snic2022-23-81/expression_algae/code/busco/trinity_VA-3180-Osg10Pal/run_chlorophyta_odb10/metaeuk_output/initial_results/trinity_VA-3180-Osg10Pal.Trinity.fasta.modified.fas 
# Current dir:     /crex/proj/snic2022-23-81/expression_algae/code/busco
# Date:            Fri Sep 23 10:12:28 2022
# [ok]
