#                                                                                        --- full sequence --- -------------- this domain -------------   hmm coord   ali coord   env coord
# target name                    accession   tlen query name           accession   qlen   E-value  score  bias   #  of  c-Evalue  i-Evalue  score  bias  from    to  from    to  from    to  acc description of target
#            ------------------- ---------- ----- -------------------- ---------- ----- --------- ------ ----- --- --- --------- --------- ------ ----- ----- ----- ----- ----- ----- ----- ---- ---------------------
TRINITY_DN38665_c0_g1_i1:212-334 -             41 6183at3041           -            207   4.2e-09   34.1   0.3   1   1     1e-11   6.4e-09   33.5   0.3   174   207     1    40     1    40 0.89 -
TRINITY_DN967_c0_g1_i2:26-466    -            147 6183at3041           -            207   1.3e-07   29.3   0.0   1   1   3.4e-10   2.1e-07   28.6   0.0    16    71     2    57     1    66 0.95 -
TRINITY_DN967_c0_g1_i3:26-466    -            147 6183at3041           -            207   1.3e-07   29.3   0.0   1   1   3.4e-10   2.1e-07   28.6   0.0    16    71     2    57     1    66 0.95 -
TRINITY_DN5360_c0_g1_i1:66-470   -            135 6183at3041           -            207   0.00027   18.4   0.0   1   2   1.6e-06     0.001   16.5   0.0    40    78     1    38     1    46 0.92 -
TRINITY_DN5360_c0_g1_i1:66-470   -            135 6183at3041           -            207   0.00027   18.4   0.0   2   2      0.27   1.7e+02   -0.5   0.0   119   146   100   128    80   132 0.71 -
TRINITY_DN5360_c0_g1_i2:385-789  -            135 6183at3041           -            207   0.00027   18.4   0.0   1   2   1.6e-06     0.001   16.5   0.0    40    78     1    38     1    46 0.92 -
TRINITY_DN5360_c0_g1_i2:385-789  -            135 6183at3041           -            207   0.00027   18.4   0.0   2   2      0.27   1.7e+02   -0.5   0.0   119   146   100   128    80   132 0.71 -
TRINITY_DN5360_c0_g1_i3:385-789  -            135 6183at3041           -            207   0.00027   18.4   0.0   1   2   1.6e-06     0.001   16.5   0.0    40    78     1    38     1    46 0.92 -
TRINITY_DN5360_c0_g1_i3:385-789  -            135 6183at3041           -            207   0.00027   18.4   0.0   2   2      0.27   1.7e+02   -0.5   0.0   119   146   100   128    80   132 0.71 -
TRINITY_DN6494_c0_g1_i2:479-1006 -            176 6183at3041           -            207     0.016   12.6   0.0   1   2   0.00034      0.21    9.0   0.0    45    72     7    34     1    61 0.89 -
TRINITY_DN6494_c0_g1_i2:479-1006 -            176 6183at3041           -            207     0.016   12.6   0.0   2   2     0.044        28    2.0   0.0   109   148    90   130    74   171 0.69 -
#
# Program:         hmmsearch
# Version:         3.2.1 (June 2018)
# Pipeline mode:   SEARCH
# Query file:      /sw/bioinfo/BUSCO/v5_lineage_sets/lineages/chlorophyta_odb10/hmms/6183at3041.hmm
# Target file:     /crex/proj/snic2022-23-81/expression_algae/code/busco/trinity_VA-3180-Osg10Pal/run_chlorophyta_odb10/metaeuk_output/initial_results/trinity_VA-3180-Osg10Pal.Trinity.fasta.modified.fas
# Option settings: hmmsearch --domtblout /crex/proj/snic2022-23-81/expression_algae/code/busco/trinity_VA-3180-Osg10Pal/run_chlorophyta_odb10/hmmer_output/initial_run_results/6183at3041.out --cpu 1 /sw/bioinfo/BUSCO/v5_lineage_sets/lineages/chlorophyta_odb10/hmms/6183at3041.hmm /crex/proj/snic2022-23-81/expression_algae/code/busco/trinity_VA-3180-Osg10Pal/run_chlorophyta_odb10/metaeuk_output/initial_results/trinity_VA-3180-Osg10Pal.Trinity.fasta.modified.fas 
# Current dir:     /crex/proj/snic2022-23-81/expression_algae/code/busco
# Date:            Fri Sep 23 10:12:30 2022
# [ok]
