#                                                                                        --- full sequence --- -------------- this domain -------------   hmm coord   ali coord   env coord
# target name                    accession   tlen query name           accession   qlen   E-value  score  bias   #  of  c-Evalue  i-Evalue  score  bias  from    to  from    to  from    to  acc description of target
#            ------------------- ---------- ----- -------------------- ---------- ----- --------- ------ ----- --- --- --------- --------- ------ ----- ----- ----- ----- ----- ----- ----- ---- ---------------------
TRINITY_DN445_c0_g1_i18:310-1980 -            557 72at3041             -           1030     8e-27   91.2   0.1   1   3   2.1e-09   1.1e-06   24.5   0.0   553   628    71   144    55   157 0.84 -
TRINITY_DN445_c0_g1_i18:310-1980 -            557 72at3041             -           1030     8e-27   91.2   0.1   2   3   1.2e-06   0.00067   15.3   0.0   773   861   242   321   215   343 0.72 -
TRINITY_DN445_c0_g1_i18:310-1980 -            557 72at3041             -           1030     8e-27   91.2   0.1   3   3   1.9e-16     1e-13   47.8   0.0   899  1009   437   544   425   556 0.88 -
TRINITY_DN445_c0_g1_i4:310-1980  -            557 72at3041             -           1030     8e-27   91.2   0.1   1   3   2.1e-09   1.1e-06   24.5   0.0   553   628    71   144    55   157 0.84 -
TRINITY_DN445_c0_g1_i4:310-1980  -            557 72at3041             -           1030     8e-27   91.2   0.1   2   3   1.2e-06   0.00067   15.3   0.0   773   861   242   321   215   343 0.72 -
TRINITY_DN445_c0_g1_i4:310-1980  -            557 72at3041             -           1030     8e-27   91.2   0.1   3   3   1.9e-16     1e-13   47.8   0.0   899  1009   437   544   425   556 0.88 -
TRINITY_DN16882_c0_g1_i2:1-672   -            224 72at3041             -           1030     0.019   10.5   0.0   1   1   4.4e-05     0.024   10.2   0.0   565   591    80   106    61   130 0.85 -
TRINITY_DN60974_c0_g1_i1:61-561  -            167 72at3041             -           1030     0.029    9.9   0.0   1   1   6.8e-05     0.037    9.6   0.0   552   586    19    53     7    58 0.87 -
TRINITY_DN59460_c0_g1_i1:2-589   -            196 72at3041             -           1030     0.047    9.2   0.0   1   1   9.3e-05     0.051    9.1   0.0   550   580   163   194   125   196 0.85 -
TRINITY_DN252_c0_g1_i2:634-1512  -            293 72at3041             -           1030     0.052    9.1   0.0   1   1   0.00012     0.067    8.7   0.0   917   942    81   106    73   124 0.86 -
TRINITY_DN252_c0_g1_i3:634-1512  -            293 72at3041             -           1030     0.052    9.1   0.0   1   1   0.00012     0.067    8.7   0.0   917   942    81   106    73   124 0.86 -
TRINITY_DN4870_c0_g1_i1:14-520   -            169 72at3041             -           1030     0.056    9.0   0.0   1   1   0.00011     0.059    8.9   0.0   549   581    26    57     7    93 0.83 -
#
# Program:         hmmsearch
# Version:         3.2.1 (June 2018)
# Pipeline mode:   SEARCH
# Query file:      /sw/bioinfo/BUSCO/v5_lineage_sets/lineages/chlorophyta_odb10/hmms/72at3041.hmm
# Target file:     /crex/proj/snic2022-23-81/expression_algae/code/busco/trinity_VA-3180-Osg10Pal/run_chlorophyta_odb10/metaeuk_output/initial_results/trinity_VA-3180-Osg10Pal.Trinity.fasta.modified.fas
# Option settings: hmmsearch --domtblout /crex/proj/snic2022-23-81/expression_algae/code/busco/trinity_VA-3180-Osg10Pal/run_chlorophyta_odb10/hmmer_output/initial_run_results/72at3041.out --cpu 1 /sw/bioinfo/BUSCO/v5_lineage_sets/lineages/chlorophyta_odb10/hmms/72at3041.hmm /crex/proj/snic2022-23-81/expression_algae/code/busco/trinity_VA-3180-Osg10Pal/run_chlorophyta_odb10/metaeuk_output/initial_results/trinity_VA-3180-Osg10Pal.Trinity.fasta.modified.fas 
# Current dir:     /crex/proj/snic2022-23-81/expression_algae/code/busco
# Date:            Fri Sep 23 10:12:29 2022
# [ok]
