#                                                                                        --- full sequence --- -------------- this domain -------------   hmm coord   ali coord   env coord
# target name                    accession   tlen query name           accession   qlen   E-value  score  bias   #  of  c-Evalue  i-Evalue  score  bias  from    to  from    to  from    to  acc description of target
#            ------------------- ---------- ----- -------------------- ---------- ----- --------- ------ ----- --- --- --------- --------- ------ ----- ----- ----- ----- ----- ----- ----- ---- ---------------------
TRINITY_DN51045_c0_g1_i1:2-256   -             85 8539at3041           -             94   1.9e-11   41.7   0.0   1   1   4.4e-14   1.9e-11   41.7   0.0     9    76     7    77     1    85 0.81 -
TRINITY_DN23573_c0_g1_i1:185-394 -             70 8539at3041           -             94   7.3e-11   39.8   0.4   1   1   2.3e-13   9.9e-11   39.4   0.4     6    65     5    59     1    69 0.86 -
TRINITY_DN1040_c0_g1_i1:246-557  -            104 8539at3041           -             94   3.8e-08   31.1   0.2   1   1   1.8e-10     8e-08   30.1   0.2     3    66    12    81    10   100 0.81 -
TRINITY_DN1040_c0_g1_i2:365-676  -            104 8539at3041           -             94   3.8e-08   31.1   0.2   1   1   1.8e-10     8e-08   30.1   0.2     3    66    12    81    10   100 0.81 -
TRINITY_DN15284_c0_g1_i1:89-304  -             72 8539at3041           -             94   1.1e-06   26.4   0.0   1   1   3.1e-09   1.4e-06   26.1   0.0     6    41     9    44     4    71 0.84 -
TRINITY_DN52648_c0_g1_i1:50-286  -             79 8539at3041           -             94   6.6e-06   23.9   0.1   1   1     3e-08   1.3e-05   23.0   0.1     6    45     8    47     4    79 0.85 -
TRINITY_DN13845_c0_g1_i1:2-424   -            141 8539at3041           -             94   1.8e-05   22.6   1.3   1   1   2.7e-07   0.00012   19.9   1.3     3    64     9    79     7    84 0.68 -
TRINITY_DN67152_c0_g1_i1:7-273   -             89 8539at3041           -             94   2.4e-05   22.1   0.0   1   1   7.4e-08   3.2e-05   21.7   0.0     8    66    25    84    20    88 0.82 -
TRINITY_DN37121_c0_g1_i1:241-462 -             74 8539at3041           -             94   2.6e-05   22.0   0.0   1   1     7e-08     3e-05   21.8   0.0     8    67    10    67     4    72 0.88 -
TRINITY_DN61322_c0_g1_i1:48-377  -            110 8539at3041           -             94   0.00022   19.1   0.0   1   1   9.1e-07   0.00039   18.2   0.0     7    41    34    68    28    73 0.90 -
#
# Program:         hmmsearch
# Version:         3.2.1 (June 2018)
# Pipeline mode:   SEARCH
# Query file:      /sw/bioinfo/BUSCO/v5_lineage_sets/lineages/chlorophyta_odb10/hmms/8539at3041.hmm
# Target file:     /crex/proj/snic2022-23-81/expression_algae/code/busco/trinity_VA-3180-Osg10Pal/run_chlorophyta_odb10/metaeuk_output/initial_results/trinity_VA-3180-Osg10Pal.Trinity.fasta.modified.fas
# Option settings: hmmsearch --domtblout /crex/proj/snic2022-23-81/expression_algae/code/busco/trinity_VA-3180-Osg10Pal/run_chlorophyta_odb10/hmmer_output/initial_run_results/8539at3041.out --cpu 1 /sw/bioinfo/BUSCO/v5_lineage_sets/lineages/chlorophyta_odb10/hmms/8539at3041.hmm /crex/proj/snic2022-23-81/expression_algae/code/busco/trinity_VA-3180-Osg10Pal/run_chlorophyta_odb10/metaeuk_output/initial_results/trinity_VA-3180-Osg10Pal.Trinity.fasta.modified.fas 
# Current dir:     /crex/proj/snic2022-23-81/expression_algae/code/busco
# Date:            Fri Sep 23 10:12:31 2022
# [ok]
