#                                                                                         --- full sequence --- -------------- this domain -------------   hmm coord   ali coord   env coord
# target name                     accession   tlen query name           accession   qlen   E-value  score  bias   #  of  c-Evalue  i-Evalue  score  bias  from    to  from    to  from    to  acc description of target
#             ------------------- ---------- ----- -------------------- ---------- ----- --------- ------ ----- --- --- --------- --------- ------ ----- ----- ----- ----- ----- ----- ----- ---- ---------------------
TRINITY_DN22140_c0_g2_i1:554-1384 -            277 9958at3041           -            150   0.00011   20.0   0.3   1   2      0.19   1.2e+02    0.5   0.0    94   125   161   192   144   199 0.86 -
TRINITY_DN22140_c0_g2_i1:554-1384 -            277 9958at3041           -            150   0.00011   20.0   0.3   2   2   1.5e-06   0.00094   17.0   0.1    74   133   204   269   184   272 0.76 -
TRINITY_DN20862_c0_g1_i1:3-581    -            193 9958at3041           -            150   0.00025   18.9   0.1   1   1   7.9e-07   0.00049   17.9   0.1    74   133   123   188   113   192 0.76 -
TRINITY_DN3301_c0_g1_i1:16-534    -            173 9958at3041           -            150    0.0011   16.8   0.0   1   1   3.6e-06    0.0022   15.8   0.0    74   102   136   164   116   173 0.81 -
TRINITY_DN3301_c0_g1_i2:16-534    -            173 9958at3041           -            150    0.0011   16.7   0.0   1   1   3.6e-06    0.0022   15.8   0.0    74   102   136   164   116   173 0.81 -
TRINITY_DN49255_c0_g1_i1:13-960   -            316 9958at3041           -            150    0.0013   16.6   1.6   1   3       2.3   1.4e+03   -3.1   0.0    81   101    70    90    67    99 0.77 -
TRINITY_DN49255_c0_g1_i1:13-960   -            316 9958at3041           -            150    0.0013   16.6   1.6   2   3       1.5   9.5e+02   -2.5   0.0   125   147   211   233   203   236 0.81 -
TRINITY_DN49255_c0_g1_i1:13-960   -            316 9958at3041           -            150    0.0013   16.6   1.6   3   3   4.8e-06     0.003   15.4   0.6    74   133   250   315   237   316 0.70 -
TRINITY_DN20862_c0_g1_i2:48-797   -            250 9958at3041           -            150    0.0019   16.0   0.1   1   2      0.32     2e+02   -0.3   0.0    84   115    62    96    49   112 0.75 -
TRINITY_DN20862_c0_g1_i2:48-797   -            250 9958at3041           -            150    0.0019   16.0   0.1   2   2   2.1e-05     0.013   13.3   0.0    74   101   195   222   185   238 0.84 -
TRINITY_DN11390_c0_g2_i1:313-1071 -            253 9958at3041           -            150    0.0048   14.7   0.2   1   2       1.6     1e+03   -2.6   0.0    90   101    68    79    63   101 0.67 -
TRINITY_DN11390_c0_g2_i1:313-1071 -            253 9958at3041           -            150    0.0048   14.7   0.2   2   2   2.3e-05     0.015   13.2   0.1    75   111   197   234   177   251 0.73 -
#
# Program:         hmmsearch
# Version:         3.2.1 (June 2018)
# Pipeline mode:   SEARCH
# Query file:      /sw/bioinfo/BUSCO/v5_lineage_sets/lineages/chlorophyta_odb10/hmms/9958at3041.hmm
# Target file:     /crex/proj/snic2022-23-81/expression_algae/code/busco/trinity_VA-3180-Osg10Pal/run_chlorophyta_odb10/metaeuk_output/initial_results/trinity_VA-3180-Osg10Pal.Trinity.fasta.modified.fas
# Option settings: hmmsearch --domtblout /crex/proj/snic2022-23-81/expression_algae/code/busco/trinity_VA-3180-Osg10Pal/run_chlorophyta_odb10/hmmer_output/initial_run_results/9958at3041.out --cpu 1 /sw/bioinfo/BUSCO/v5_lineage_sets/lineages/chlorophyta_odb10/hmms/9958at3041.hmm /crex/proj/snic2022-23-81/expression_algae/code/busco/trinity_VA-3180-Osg10Pal/run_chlorophyta_odb10/metaeuk_output/initial_results/trinity_VA-3180-Osg10Pal.Trinity.fasta.modified.fas 
# Current dir:     /crex/proj/snic2022-23-81/expression_algae/code/busco
# Date:            Fri Sep 23 10:12:32 2022
# [ok]
