#                                                                                        --- full sequence --- -------------- this domain -------------   hmm coord   ali coord   env coord
# target name                    accession   tlen query name           accession   qlen   E-value  score  bias   #  of  c-Evalue  i-Evalue  score  bias  from    to  from    to  from    to  acc description of target
#            ------------------- ---------- ----- -------------------- ---------- ----- --------- ------ ----- --- --- --------- --------- ------ ----- ----- ----- ----- ----- ----- ----- ---- ---------------------
TRINITY_DN5193_c0_g1_i1:11-806   -            240 11073at3041          -            345   1.5e-21   74.7   0.5   1   2   3.4e-24   1.5e-21   74.7   0.5   141   300     4   161     1   176 0.80 -
TRINITY_DN5193_c0_g1_i1:11-806   -            240 11073at3041          -            345   1.5e-21   74.7   0.5   2   2      0.64   2.8e+02   -1.9   2.0    85   105   214   234   198   240 0.43 -
TRINITY_DN5193_c0_g1_i2:11-730   -            240 11073at3041          -            345   1.5e-21   74.7   0.5   1   2   3.4e-24   1.5e-21   74.7   0.5   141   300     4   161     1   176 0.80 -
TRINITY_DN5193_c0_g1_i2:11-730   -            240 11073at3041          -            345   1.5e-21   74.7   0.5   2   2      0.64   2.8e+02   -1.9   2.0    85   105   214   234   198   240 0.43 -
TRINITY_DN5193_c0_g1_i4:11-730   -            240 11073at3041          -            345   1.5e-21   74.7   0.5   1   2   3.4e-24   1.5e-21   74.7   0.5   141   300     4   161     1   176 0.80 -
TRINITY_DN5193_c0_g1_i4:11-730   -            240 11073at3041          -            345   1.5e-21   74.7   0.5   2   2      0.64   2.8e+02   -1.9   2.0    85   105   214   234   198   240 0.43 -
TRINITY_DN5193_c0_g1_i3:27-537   -            145 11073at3041          -            345   5.7e-21   72.7   0.7   1   1   1.5e-23   6.5e-21   72.5   0.7   141   272     4   132     1   138 0.81 -
TRINITY_DN495_c0_g1_i3:825-1355  -            177 11073at3041          -            345      0.27    8.0   7.4   1   1   0.00098      0.42    7.4   7.4   149   193   119   161   106   174 0.52 -
TRINITY_DN495_c0_g1_i4:825-1355  -            177 11073at3041          -            345      0.27    8.0   7.4   1   1   0.00098      0.42    7.4   7.4   149   193   119   161   106   174 0.52 -
TRINITY_DN495_c0_g1_i1:825-1524  -            211 11073at3041          -            345      0.64    6.8   8.3   1   1    0.0025       1.1    6.1   8.3   149   193   153   195   139   208 0.52 -
#
# Program:         hmmsearch
# Version:         3.2.1 (June 2018)
# Pipeline mode:   SEARCH
# Query file:      /sw/bioinfo/BUSCO/v5_lineage_sets/lineages/chlorophyta_odb10/hmms/11073at3041.hmm
# Target file:     /crex/proj/snic2022-23-81/expression_algae/code/busco/trinity_VA-3180-Osg11Pal/run_chlorophyta_odb10/metaeuk_output/initial_results/trinity_VA-3180-Osg11Pal.Trinity.fasta.modified.fas
# Option settings: hmmsearch --domtblout /crex/proj/snic2022-23-81/expression_algae/code/busco/trinity_VA-3180-Osg11Pal/run_chlorophyta_odb10/hmmer_output/initial_run_results/11073at3041.out --cpu 1 /sw/bioinfo/BUSCO/v5_lineage_sets/lineages/chlorophyta_odb10/hmms/11073at3041.hmm /crex/proj/snic2022-23-81/expression_algae/code/busco/trinity_VA-3180-Osg11Pal/run_chlorophyta_odb10/metaeuk_output/initial_results/trinity_VA-3180-Osg11Pal.Trinity.fasta.modified.fas 
# Current dir:     /crex/proj/snic2022-23-81/expression_algae/code/busco
# Date:            Fri Sep 23 10:12:09 2022
# [ok]
