#                                                                                         --- full sequence --- -------------- this domain -------------   hmm coord   ali coord   env coord
# target name                     accession   tlen query name           accession   qlen   E-value  score  bias   #  of  c-Evalue  i-Evalue  score  bias  from    to  from    to  from    to  acc description of target
#             ------------------- ---------- ----- -------------------- ---------- ----- --------- ------ ----- --- --- --------- --------- ------ ----- ----- ----- ----- ----- ----- ----- ---- ---------------------
TRINITY_DN56136_c0_g1_i1:6-692    -            229 2403at3041           -            289   2.8e-21   73.5   0.1   1   1   1.2e-23   4.7e-21   72.8   0.1   105   259    30   213     9   226 0.70 -
TRINITY_DN474_c0_g1_i1:2494-3243  -            250 2403at3041           -            289   4.3e-19   66.3   1.4   1   1   2.6e-21   9.7e-19   65.2   1.4   102   288    14   246     2   247 0.69 -
TRINITY_DN474_c0_g1_i4:2412-3161  -            250 2403at3041           -            289   4.3e-19   66.3   1.4   1   1   2.6e-21   9.7e-19   65.2   1.4   102   288    14   246     2   247 0.69 -
TRINITY_DN1916_c0_g1_i2:2533-3297 -            255 2403at3041           -            289   3.5e-18   63.3   5.7   1   1   1.7e-19   6.4e-17   59.2   5.7   100   272    19   220     2   255 0.65 -
TRINITY_DN2019_c0_g1_i1:1655-2230 -            192 2403at3041           -            289   2.4e-14   50.7   3.3   1   1   1.1e-15     4e-13   46.7   3.3   141   287     2   189     1   191 0.63 -
TRINITY_DN1173_c0_g1_i1:1344-2012 -            223 2403at3041           -            289   2.9e-13   47.2   0.4   1   2   1.7e-12   6.5e-10   36.2   0.1   108   193     2    91     1   115 0.75 -
TRINITY_DN1173_c0_g1_i1:1344-2012 -            223 2403at3041           -            289   2.9e-13   47.2   0.4   2   2   0.00025     0.094    9.4   0.0   213   288   135   222   132   223 0.74 -
TRINITY_DN1173_c0_g1_i3:1344-2012 -            223 2403at3041           -            289   2.9e-13   47.2   0.4   1   2   1.7e-12   6.5e-10   36.2   0.1   108   193     2    91     1   115 0.75 -
TRINITY_DN1173_c0_g1_i3:1344-2012 -            223 2403at3041           -            289   2.9e-13   47.2   0.4   2   2   0.00025     0.094    9.4   0.0   213   288   135   222   132   223 0.74 -
TRINITY_DN26406_c0_g1_i1:3-302    -            100 2403at3041           -            289   1.2e-06   25.5   0.2   1   2      0.45   1.7e+02   -1.3   0.0   190   207     1    18     1    20 0.88 -
TRINITY_DN26406_c0_g1_i1:3-302    -            100 2403at3041           -            289   1.2e-06   25.5   0.2   2   2   7.1e-09   2.7e-06   24.3   0.0   212   257    48    99    34   100 0.80 -
#
# Program:         hmmsearch
# Version:         3.2.1 (June 2018)
# Pipeline mode:   SEARCH
# Query file:      /sw/bioinfo/BUSCO/v5_lineage_sets/lineages/chlorophyta_odb10/hmms/2403at3041.hmm
# Target file:     /crex/proj/snic2022-23-81/expression_algae/code/busco/trinity_VA-3180-Osg11Pal/run_chlorophyta_odb10/metaeuk_output/initial_results/trinity_VA-3180-Osg11Pal.Trinity.fasta.modified.fas
# Option settings: hmmsearch --domtblout /crex/proj/snic2022-23-81/expression_algae/code/busco/trinity_VA-3180-Osg11Pal/run_chlorophyta_odb10/hmmer_output/initial_run_results/2403at3041.out --cpu 1 /sw/bioinfo/BUSCO/v5_lineage_sets/lineages/chlorophyta_odb10/hmms/2403at3041.hmm /crex/proj/snic2022-23-81/expression_algae/code/busco/trinity_VA-3180-Osg11Pal/run_chlorophyta_odb10/metaeuk_output/initial_results/trinity_VA-3180-Osg11Pal.Trinity.fasta.modified.fas 
# Current dir:     /crex/proj/snic2022-23-81/expression_algae/code/busco
# Date:            Fri Sep 23 10:12:13 2022
# [ok]
