#                                                                                         --- full sequence --- -------------- this domain -------------   hmm coord   ali coord   env coord
# target name                     accession   tlen query name           accession   qlen   E-value  score  bias   #  of  c-Evalue  i-Evalue  score  bias  from    to  from    to  from    to  acc description of target
#             ------------------- ---------- ----- -------------------- ---------- ----- --------- ------ ----- --- --- --------- --------- ------ ----- ----- ----- ----- ----- ----- ----- ---- ---------------------
TRINITY_DN832_c0_g1_i2:1295-2047  -            251 2932at3041           -            281   6.4e-05   19.9   1.6   1   2    0.0009      0.54    7.0   0.6     6    37     5    34     2    39 0.87 -
TRINITY_DN832_c0_g1_i2:1295-2047  -            251 2932at3041           -            281   6.4e-05   19.9   1.6   2   2   2.6e-05     0.016   12.1   0.0   125   250   102   235    66   245 0.73 -
TRINITY_DN832_c0_g1_i5:1178-1930  -            251 2932at3041           -            281   6.4e-05   19.9   1.6   1   2    0.0009      0.54    7.0   0.6     6    37     5    34     2    39 0.87 -
TRINITY_DN832_c0_g1_i5:1178-1930  -            251 2932at3041           -            281   6.4e-05   19.9   1.6   2   2   2.6e-05     0.016   12.1   0.0   125   250   102   235    66   245 0.73 -
TRINITY_DN17050_c0_g1_i1:241-1017 -            259 2932at3041           -            281   6.8e-05   19.8   0.3   1   2   6.6e-05      0.04   10.7   0.1     5    38     1    32     1    37 0.91 -
TRINITY_DN17050_c0_g1_i1:241-1017 -            259 2932at3041           -            281   6.8e-05   19.8   0.3   2   2   0.00076      0.46    7.3   0.0   107   217    80   188    71   256 0.69 -
TRINITY_DN2206_c0_g1_i1:2-730     -            243 2932at3041           -            281   0.00012   19.0   2.6   1   2     0.024        15    2.3   0.1     7    39     3    33     1    61 0.79 -
TRINITY_DN2206_c0_g1_i1:2-730     -            243 2932at3041           -            281   0.00012   19.0   2.6   2   2   7.6e-07   0.00046   17.1   0.3   108   263    78   236    62   241 0.84 -
TRINITY_DN1740_c0_g1_i1:153-725   -            191 2932at3041           -            281    0.0026   14.6   0.6   1   2     0.067        40    0.9   0.1     6    38     2    32     1    37 0.81 -
TRINITY_DN1740_c0_g1_i1:153-725   -            191 2932at3041           -            281    0.0026   14.6   0.6   2   2   2.3e-05     0.014   12.2   0.0   181   213   159   190    82   191 0.84 -
#
# Program:         hmmsearch
# Version:         3.2.1 (June 2018)
# Pipeline mode:   SEARCH
# Query file:      /sw/bioinfo/BUSCO/v5_lineage_sets/lineages/chlorophyta_odb10/hmms/2932at3041.hmm
# Target file:     /crex/proj/snic2022-23-81/expression_algae/code/busco/trinity_VA-3180-Osg11Pal/run_chlorophyta_odb10/metaeuk_output/initial_results/trinity_VA-3180-Osg11Pal.Trinity.fasta.modified.fas
# Option settings: hmmsearch --domtblout /crex/proj/snic2022-23-81/expression_algae/code/busco/trinity_VA-3180-Osg11Pal/run_chlorophyta_odb10/hmmer_output/initial_run_results/2932at3041.out --cpu 1 /sw/bioinfo/BUSCO/v5_lineage_sets/lineages/chlorophyta_odb10/hmms/2932at3041.hmm /crex/proj/snic2022-23-81/expression_algae/code/busco/trinity_VA-3180-Osg11Pal/run_chlorophyta_odb10/metaeuk_output/initial_results/trinity_VA-3180-Osg11Pal.Trinity.fasta.modified.fas 
# Current dir:     /crex/proj/snic2022-23-81/expression_algae/code/busco
# Date:            Fri Sep 23 10:12:15 2022
# [ok]
