#                                                                                         --- full sequence --- -------------- this domain -------------   hmm coord   ali coord   env coord
# target name                     accession   tlen query name           accession   qlen   E-value  score  bias   #  of  c-Evalue  i-Evalue  score  bias  from    to  from    to  from    to  acc description of target
#             ------------------- ---------- ----- -------------------- ---------- ----- --------- ------ ----- --- --- --------- --------- ------ ----- ----- ----- ----- ----- ----- ----- ---- ---------------------
TRINITY_DN1420_c0_g1_i1:546-701   -             52 5706at3041           -            205   2.6e-07   27.7   6.2   1   1   2.3e-09   6.9e-07   26.4   6.2    59   116     4    52     1    52 0.83 -
TRINITY_DN1420_c0_g1_i3:197-418   -             74 5706at3041           -            205   3.3e-07   27.4   5.9   1   1   2.5e-09   7.5e-07   26.3   5.7    60   116     5    52     1    58 0.82 -
TRINITY_DN47714_c0_g1_i1:86-700   -            205 5706at3041           -            205     5e-06   23.6   0.9   1   2   6.3e-05     0.019   11.9   0.0    19    46    13    41     5    53 0.82 -
TRINITY_DN47714_c0_g1_i1:86-700   -            205 5706at3041           -            205     5e-06   23.6   0.9   2   2   0.00019     0.059   10.3   0.2    21    50   152   181   142   189 0.86 -
TRINITY_DN53328_c0_g1_i1:831-1307 -            159 5706at3041           -            205   0.00013   18.9   6.9   1   1   9.7e-07   0.00029   17.8   7.0    54   116    10    60     3    71 0.81 -
TRINITY_DN42887_c0_g1_i1:49-147   -             33 5706at3041           -            205   0.00015   18.8   4.0   1   1   5.3e-07   0.00016   18.6   4.0    85   117     1    27     1    30 0.90 -
TRINITY_DN6496_c0_g1_i2:226-1020  -            265 5706at3041           -            205   0.00028   17.8   0.7   1   2       3.3     1e+03   -3.6   0.2    55    66    73    84    60    88 0.57 -
TRINITY_DN6496_c0_g1_i2:226-1020  -            265 5706at3041           -            205   0.00028   17.8   0.7   2   2   9.4e-07   0.00028   17.8   0.7    19    54   154   189   141   196 0.83 -
TRINITY_DN28402_c0_g1_i1:276-467  -             64 5706at3041           -            205   0.00063   16.7   7.9   1   1   6.1e-06    0.0018   15.2   8.2    84   117    32    61     5    64 0.84 -
TRINITY_DN4492_c0_g1_i1:287-835   -            183 5706at3041           -            205    0.0023   14.9   4.5   1   1   1.4e-05    0.0043   14.0   4.5    57   115   135   183   125   183 0.80 -
TRINITY_DN24497_c0_g1_i1:5-160    -             52 5706at3041           -            205    0.0039   14.1   9.4   1   1   2.6e-05     0.008   13.1   9.4    82   116    18    50     1    52 0.80 -
TRINITY_DN17400_c0_g1_i1:602-1090 -            163 5706at3041           -            205     0.038   10.9   5.6   1   1    0.0002      0.06   10.3   5.6    62   117     3    48     2    76 0.83 -
#
# Program:         hmmsearch
# Version:         3.2.1 (June 2018)
# Pipeline mode:   SEARCH
# Query file:      /sw/bioinfo/BUSCO/v5_lineage_sets/lineages/chlorophyta_odb10/hmms/5706at3041.hmm
# Target file:     /crex/proj/snic2022-23-81/expression_algae/code/busco/trinity_VA-3180-Osg11Pal/run_chlorophyta_odb10/metaeuk_output/initial_results/trinity_VA-3180-Osg11Pal.Trinity.fasta.modified.fas
# Option settings: hmmsearch --domtblout /crex/proj/snic2022-23-81/expression_algae/code/busco/trinity_VA-3180-Osg11Pal/run_chlorophyta_odb10/hmmer_output/initial_run_results/5706at3041.out --cpu 1 /sw/bioinfo/BUSCO/v5_lineage_sets/lineages/chlorophyta_odb10/hmms/5706at3041.hmm /crex/proj/snic2022-23-81/expression_algae/code/busco/trinity_VA-3180-Osg11Pal/run_chlorophyta_odb10/metaeuk_output/initial_results/trinity_VA-3180-Osg11Pal.Trinity.fasta.modified.fas 
# Current dir:     /crex/proj/snic2022-23-81/expression_algae/code/busco
# Date:            Fri Sep 23 10:12:15 2022
# [ok]
