#                                                                                         --- full sequence --- -------------- this domain -------------   hmm coord   ali coord   env coord
# target name                     accession   tlen query name           accession   qlen   E-value  score  bias   #  of  c-Evalue  i-Evalue  score  bias  from    to  from    to  from    to  acc description of target
#             ------------------- ---------- ----- -------------------- ---------- ----- --------- ------ ----- --- --- --------- --------- ------ ----- ----- ----- ----- ----- ----- ----- ---- ---------------------
TRINITY_DN38243_c0_g1_i1:118-696  -            193 6072at3041           -            175   7.8e-92  303.4   0.0   1   1   3.2e-94   8.9e-92  303.3   0.0     1   175     9   190     9   190 0.97 -
TRINITY_DN20364_c0_g1_i1:131-952  -            274 6072at3041           -            175   1.3e-12   45.5   0.0   1   1   6.3e-15   1.7e-12   45.1   0.0     6   146    78   220    74   227 0.89 -
TRINITY_DN56315_c0_g1_i1:192-764  -            191 6072at3041           -            175   1.6e-08   32.2   0.0   1   1   6.8e-11   1.9e-08   31.9   0.0     1   149     3   155     3   182 0.80 -
TRINITY_DN13279_c0_g1_i1:52-774   -            241 6072at3041           -            175   3.6e-08   31.0   0.0   1   1   2.4e-10   6.5e-08   30.2   0.0     5   154    46   207    42   228 0.74 -
TRINITY_DN40214_c0_g1_i1:195-1001 -            269 6072at3041           -            175   5.5e-08   30.4   0.0   1   1   2.5e-10   6.9e-08   30.1   0.0     3   156    42   196    40   218 0.84 -
TRINITY_DN31177_c0_g1_i1:0-602    -            201 6072at3041           -            175   3.2e-06   24.7   0.0   1   1   1.3e-08   3.6e-06   24.5   0.0     1   149     5   158     5   184 0.75 -
TRINITY_DN24461_c0_g1_i1:88-822   -            245 6072at3041           -            175   2.8e-05   21.6   0.0   1   1   1.5e-07   4.1e-05   21.1   0.0     1   113    45   159    45   184 0.81 -
TRINITY_DN2098_c0_g1_i2:138-704   -            189 6072at3041           -            175   0.00038   17.9   0.0   1   1   1.8e-06   0.00049   17.6   0.0    11   149    21   160    11   170 0.86 -
TRINITY_DN42247_c0_g1_i1:17-766   -            250 6072at3041           -            175    0.0017   15.8   0.0   1   1   8.1e-06    0.0022   15.4   0.0    22   163    64   213    39   225 0.73 -
TRINITY_DN3481_c0_g1_i1:34-774    -            247 6072at3041           -            175    0.0028   15.1   0.0   1   1   1.5e-05    0.0041   14.5   0.0    23   104    60   145    41   158 0.78 -
TRINITY_DN1458_c0_g1_i1:0-704     -            235 6072at3041           -            175     0.012   13.0   0.0   1   1   5.1e-05     0.014   12.8   0.0    81   111   123   154    42   198 0.76 -
#
# Program:         hmmsearch
# Version:         3.2.1 (June 2018)
# Pipeline mode:   SEARCH
# Query file:      /sw/bioinfo/BUSCO/v5_lineage_sets/lineages/chlorophyta_odb10/hmms/6072at3041.hmm
# Target file:     /crex/proj/snic2022-23-81/expression_algae/code/busco/trinity_VA-3180-Osg11Pal/run_chlorophyta_odb10/metaeuk_output/initial_results/trinity_VA-3180-Osg11Pal.Trinity.fasta.modified.fas
# Option settings: hmmsearch --domtblout /crex/proj/snic2022-23-81/expression_algae/code/busco/trinity_VA-3180-Osg11Pal/run_chlorophyta_odb10/hmmer_output/initial_run_results/6072at3041.out --cpu 1 /sw/bioinfo/BUSCO/v5_lineage_sets/lineages/chlorophyta_odb10/hmms/6072at3041.hmm /crex/proj/snic2022-23-81/expression_algae/code/busco/trinity_VA-3180-Osg11Pal/run_chlorophyta_odb10/metaeuk_output/initial_results/trinity_VA-3180-Osg11Pal.Trinity.fasta.modified.fas 
# Current dir:     /crex/proj/snic2022-23-81/expression_algae/code/busco
# Date:            Fri Sep 23 10:12:16 2022
# [ok]
