#                                                                                         --- full sequence --- -------------- this domain -------------   hmm coord   ali coord   env coord
# target name                     accession   tlen query name           accession   qlen   E-value  score  bias   #  of  c-Evalue  i-Evalue  score  bias  from    to  from    to  from    to  acc description of target
#             ------------------- ---------- ----- -------------------- ---------- ----- --------- ------ ----- --- --- --------- --------- ------ ----- ----- ----- ----- ----- ----- ----- ---- ---------------------
TRINITY_DN1079_c0_g1_i5:1351-3096 -            582 619at3041            -            489  4.8e-224  742.1   9.0   1   1  1.2e-226    6e-224  741.7   9.0     2   488     8   577     7   578 0.89 -
TRINITY_DN1079_c0_g1_i1:1351-3054 -            568 619at3041            -            489  1.5e-220  730.6   8.3   1   1  3.6e-223  1.8e-220  730.3   8.3     9   488     1   563     1   564 0.88 -
TRINITY_DN1079_c0_g1_i4:0-1207    -            382 619at3041            -            489  1.6e-145  483.0   2.1   1   1  3.8e-148  1.9e-145  482.8   2.1     2   321     8   382     7   382 0.88 -
TRINITY_DN3394_c0_g1_i4:1688-3742 -            685 619at3041            -            489   1.9e-09   34.3   1.2   1   4   4.2e-07   0.00021   17.7   0.0   167   267    25   129    20   152 0.85 -
TRINITY_DN3394_c0_g1_i4:1688-3742 -            685 619at3041            -            489   1.9e-09   34.3   1.2   2   4   0.00098      0.49    6.5   0.0   190   300   166   291   151   298 0.64 -
TRINITY_DN3394_c0_g1_i4:1688-3742 -            685 619at3041            -            489   1.9e-09   34.3   1.2   3   4     0.013       6.4    2.9   0.0   335   358   367   390   322   402 0.77 -
TRINITY_DN3394_c0_g1_i4:1688-3742 -            685 619at3041            -            489   1.9e-09   34.3   1.2   4   4     0.037        19    1.3   0.0   192   253   516   582   505   586 0.62 -
TRINITY_DN12863_c0_g1_i1:61-2685  -            875 619at3041            -            489   8.9e-07   25.5   2.0   1   2    0.0024       1.2    5.3   0.2   176   256   211   296   156   310 0.71 -
TRINITY_DN12863_c0_g1_i1:61-2685  -            875 619at3041            -            489   8.9e-07   25.5   2.0   2   2   1.3e-07   6.5e-05   19.4   0.1   269   456   525   735   514   771 0.72 -
TRINITY_DN12863_c0_g1_i3:1-3045   -           1015 619at3041            -            489   9.7e-07   25.4   1.4   1   2    0.0028       1.4    5.0   0.1   176   256   351   436   301   449 0.71 -
TRINITY_DN12863_c0_g1_i3:1-3045   -           1015 619at3041            -            489   9.7e-07   25.4   1.4   2   2   1.7e-07   8.5e-05   19.0   0.2   269   455   665   874   654   910 0.72 -
#
# Program:         hmmsearch
# Version:         3.2.1 (June 2018)
# Pipeline mode:   SEARCH
# Query file:      /sw/bioinfo/BUSCO/v5_lineage_sets/lineages/chlorophyta_odb10/hmms/619at3041.hmm
# Target file:     /crex/proj/snic2022-23-81/expression_algae/code/busco/trinity_VA-3180-Osg11Pal/run_chlorophyta_odb10/metaeuk_output/initial_results/trinity_VA-3180-Osg11Pal.Trinity.fasta.modified.fas
# Option settings: hmmsearch --domtblout /crex/proj/snic2022-23-81/expression_algae/code/busco/trinity_VA-3180-Osg11Pal/run_chlorophyta_odb10/hmmer_output/initial_run_results/619at3041.out --cpu 1 /sw/bioinfo/BUSCO/v5_lineage_sets/lineages/chlorophyta_odb10/hmms/619at3041.hmm /crex/proj/snic2022-23-81/expression_algae/code/busco/trinity_VA-3180-Osg11Pal/run_chlorophyta_odb10/metaeuk_output/initial_results/trinity_VA-3180-Osg11Pal.Trinity.fasta.modified.fas 
# Current dir:     /crex/proj/snic2022-23-81/expression_algae/code/busco
# Date:            Fri Sep 23 10:12:16 2022
# [ok]
