#                                                                                         --- full sequence --- -------------- this domain -------------   hmm coord   ali coord   env coord
# target name                     accession   tlen query name           accession   qlen   E-value  score  bias   #  of  c-Evalue  i-Evalue  score  bias  from    to  from    to  from    to  acc description of target
#             ------------------- ---------- ----- -------------------- ---------- ----- --------- ------ ----- --- --- --------- --------- ------ ----- ----- ----- ----- ----- ----- ----- ---- ---------------------
TRINITY_DN20021_c0_g1_i1:64-522   -            153 6348at3041           -            136   1.5e-80  265.4   1.1   1   1   3.4e-83   1.7e-80  265.2   1.1     1   136     1   142     1   142 0.95 -
TRINITY_DN2142_c0_g1_i2:413-898   -            162 6348at3041           -            136   2.7e-10   37.9   2.2   1   2   2.9e-05     0.015   12.9   0.1    11    64    41    94    34    98 0.82 -
TRINITY_DN2142_c0_g1_i2:413-898   -            162 6348at3041           -            136   2.7e-10   37.9   2.2   2   2   6.1e-09   3.1e-06   24.8   0.5    94   136   103   145    94   145 0.88 -
TRINITY_DN6926_c0_g2_i1:154-519   -            122 6348at3041           -            136   6.6e-09   33.4   3.2   1   2   4.3e-06    0.0022   15.6   0.1    12    63     4    56     1    67 0.84 -
TRINITY_DN6926_c0_g2_i1:154-519   -            122 6348at3041           -            136   6.6e-09   33.4   3.2   2   2   3.4e-07   0.00017   19.1   0.5    94   136    67   109    56   109 0.85 -
TRINITY_DN24729_c0_g1_i1:686-1045 -            120 6348at3041           -            136   1.6e-07   28.9   0.8   1   2    0.0006       0.3    8.6   0.0    12    64     7    60     3    69 0.83 -
TRINITY_DN24729_c0_g1_i1:686-1045 -            120 6348at3041           -            136   1.6e-07   28.9   0.8   2   2   2.9e-07   0.00015   19.3   0.3    97   136    72   111    60   111 0.82 -
TRINITY_DN49835_c0_g1_i1:131-385  -             85 6348at3041           -            136   1.3e-05   22.8   0.3   1   1   3.4e-08   1.7e-05   22.4   0.3    90   136    26    71     2    71 0.75 -
TRINITY_DN2142_c0_g1_i1:372-809   -            146 6348at3041           -            136   6.9e-05   20.4   2.5   1   2   2.1e-05     0.011   13.3   0.1    11    64    41    94    34   100 0.82 -
TRINITY_DN2142_c0_g1_i1:372-809   -            146 6348at3041           -            136   6.9e-05   20.4   2.5   2   2    0.0018      0.88    7.1   0.7    94   128   103   137    93   141 0.82 -
#
# Program:         hmmsearch
# Version:         3.2.1 (June 2018)
# Pipeline mode:   SEARCH
# Query file:      /sw/bioinfo/BUSCO/v5_lineage_sets/lineages/chlorophyta_odb10/hmms/6348at3041.hmm
# Target file:     /crex/proj/snic2022-23-81/expression_algae/code/busco/trinity_VA-3180-Osg11Pal/run_chlorophyta_odb10/metaeuk_output/initial_results/trinity_VA-3180-Osg11Pal.Trinity.fasta.modified.fas
# Option settings: hmmsearch --domtblout /crex/proj/snic2022-23-81/expression_algae/code/busco/trinity_VA-3180-Osg11Pal/run_chlorophyta_odb10/hmmer_output/initial_run_results/6348at3041.out --cpu 1 /sw/bioinfo/BUSCO/v5_lineage_sets/lineages/chlorophyta_odb10/hmms/6348at3041.hmm /crex/proj/snic2022-23-81/expression_algae/code/busco/trinity_VA-3180-Osg11Pal/run_chlorophyta_odb10/metaeuk_output/initial_results/trinity_VA-3180-Osg11Pal.Trinity.fasta.modified.fas 
# Current dir:     /crex/proj/snic2022-23-81/expression_algae/code/busco
# Date:            Fri Sep 23 10:12:17 2022
# [ok]
