#                                                                                        --- full sequence --- -------------- this domain -------------   hmm coord   ali coord   env coord
# target name                    accession   tlen query name           accession   qlen   E-value  score  bias   #  of  c-Evalue  i-Evalue  score  bias  from    to  from    to  from    to  acc description of target
#            ------------------- ---------- ----- -------------------- ---------- ----- --------- ------ ----- --- --- --------- --------- ------ ----- ----- ----- ----- ----- ----- ----- ---- ---------------------
TRINITY_DN926_c0_g1_i1:604-1866  -            421 6375at3041           -            170   2.4e-12   44.5   0.2   1   3   4.7e-05     0.029   11.7   0.0   128   167     1    42     1    45 0.85 -
TRINITY_DN926_c0_g1_i1:604-1866  -            421 6375at3041           -            170   2.4e-12   44.5   0.2   2   3   7.2e-06    0.0044   14.4   0.0   106   164    96   156    81   161 0.80 -
TRINITY_DN926_c0_g1_i1:604-1866  -            421 6375at3041           -            170   2.4e-12   44.5   0.2   3   3   6.2e-06    0.0038   14.6   0.1   105   167   209   278   194   281 0.78 -
TRINITY_DN4936_c0_g2_i2:174-596  -            141 6375at3041           -            170     3e-10   37.7   0.3   1   2   0.00012     0.075   10.4   0.0    35    63     4    32     1    40 0.89 -
TRINITY_DN4936_c0_g2_i2:174-596  -            141 6375at3041           -            170     3e-10   37.7   0.3   2   2   2.5e-09   1.5e-06   25.7   0.4   113   146    67    99    38   113 0.79 -
TRINITY_DN4936_c0_g2_i3:745-1167 -            141 6375at3041           -            170     3e-10   37.7   0.3   1   2   0.00012     0.075   10.4   0.0    35    63     4    32     1    40 0.89 -
TRINITY_DN4936_c0_g2_i3:745-1167 -            141 6375at3041           -            170     3e-10   37.7   0.3   2   2   2.5e-09   1.5e-06   25.7   0.4   113   146    67    99    38   113 0.79 -
TRINITY_DN4478_c0_g1_i4:81-428   -            116 6375at3041           -            170   2.1e-09   35.0   1.0   1   2      0.06        36    1.6   0.1    37    66     9    40     2    64 0.80 -
TRINITY_DN4478_c0_g1_i4:81-428   -            116 6375at3041           -            170   2.1e-09   35.0   1.0   2   2   2.3e-11   1.4e-08   32.3   0.1   124   167    71   116    60   116 0.88 -
TRINITY_DN6836_c0_g2_i1:66-437   -            124 6375at3041           -            170   4.7e-08   30.5   0.7   1   1   1.5e-08   9.1e-06   23.1   0.7   121   147    66    92     1   124 0.70 -
#
# Program:         hmmsearch
# Version:         3.2.1 (June 2018)
# Pipeline mode:   SEARCH
# Query file:      /sw/bioinfo/BUSCO/v5_lineage_sets/lineages/chlorophyta_odb10/hmms/6375at3041.hmm
# Target file:     /crex/proj/snic2022-23-81/expression_algae/code/busco/trinity_VA-3180-Osg11Pal/run_chlorophyta_odb10/metaeuk_output/initial_results/trinity_VA-3180-Osg11Pal.Trinity.fasta.modified.fas
# Option settings: hmmsearch --domtblout /crex/proj/snic2022-23-81/expression_algae/code/busco/trinity_VA-3180-Osg11Pal/run_chlorophyta_odb10/hmmer_output/initial_run_results/6375at3041.out --cpu 1 /sw/bioinfo/BUSCO/v5_lineage_sets/lineages/chlorophyta_odb10/hmms/6375at3041.hmm /crex/proj/snic2022-23-81/expression_algae/code/busco/trinity_VA-3180-Osg11Pal/run_chlorophyta_odb10/metaeuk_output/initial_results/trinity_VA-3180-Osg11Pal.Trinity.fasta.modified.fas 
# Current dir:     /crex/proj/snic2022-23-81/expression_algae/code/busco
# Date:            Fri Sep 23 10:12:17 2022
# [ok]
