#                                                                                        --- full sequence --- -------------- this domain -------------   hmm coord   ali coord   env coord
# target name                    accession   tlen query name           accession   qlen   E-value  score  bias   #  of  c-Evalue  i-Evalue  score  bias  from    to  from    to  from    to  acc description of target
#            ------------------- ---------- ----- -------------------- ---------- ----- --------- ------ ----- --- --- --------- --------- ------ ----- ----- ----- ----- ----- ----- ----- ---- ---------------------
TRINITY_DN30932_c0_g1_i2:289-855 -            189 6476at3041           -            210   1.4e-27   94.3  13.2   1   3   1.9e-14   1.1e-11   42.3   1.3    68   152     3    92     2    93 0.89 -
TRINITY_DN30932_c0_g1_i2:289-855 -            189 6476at3041           -            210   1.4e-27   94.3  13.2   2   3   1.2e-13   7.5e-11   39.6   0.3    49   124    74   152    73   153 0.93 -
TRINITY_DN30932_c0_g1_i2:289-855 -            189 6476at3041           -            210   1.4e-27   94.3  13.2   3   3   1.5e-11   8.8e-09   32.8   0.6    51   108   123   182   120   187 0.90 -
TRINITY_DN6504_c0_g2_i1:52-396   -            115 6476at3041           -            210   7.3e-09   33.1   0.5   1   1   1.8e-11   1.1e-08   32.6   0.5    97   171     2    79     1    89 0.51 -
TRINITY_DN46663_c0_g1_i1:102-497 -            132 6476at3041           -            210   7.1e-08   29.9   6.6   1   2   1.6e-07   9.8e-05   19.6   1.0    55   109     1    55     1    59 0.92 -
TRINITY_DN46663_c0_g1_i1:102-497 -            132 6476at3041           -            210   7.1e-08   29.9   6.6   2   2   7.5e-08   4.5e-05   20.7   2.1    48   108    38   101    35   127 0.84 -
TRINITY_DN3055_c0_g1_i2:85-1062  -            279 6476at3041           -            210   2.1e-06   25.1   7.6   1   3   0.00013     0.077   10.2   0.1    25    90    36    95    25    99 0.72 -
TRINITY_DN3055_c0_g1_i2:85-1062  -            279 6476at3041           -            210   2.1e-06   25.1   7.6   2   3   5.1e-07   0.00031   18.0   1.5    49   102    99   157    95   177 0.82 -
TRINITY_DN3055_c0_g1_i2:85-1062  -            279 6476at3041           -            210   2.1e-06   25.1   7.6   3   3      0.78   4.7e+02   -2.2   0.0   106   123   243   260   231   272 0.61 -
TRINITY_DN3055_c0_g1_i4:85-921   -            279 6476at3041           -            210   2.1e-06   25.1   7.6   1   3   0.00013     0.077   10.2   0.1    25    90    36    95    25    99 0.72 -
TRINITY_DN3055_c0_g1_i4:85-921   -            279 6476at3041           -            210   2.1e-06   25.1   7.6   2   3   5.1e-07   0.00031   18.0   1.5    49   102    99   157    95   177 0.82 -
TRINITY_DN3055_c0_g1_i4:85-921   -            279 6476at3041           -            210   2.1e-06   25.1   7.6   3   3      0.78   4.7e+02   -2.2   0.0   106   123   243   260   231   272 0.61 -
#
# Program:         hmmsearch
# Version:         3.2.1 (June 2018)
# Pipeline mode:   SEARCH
# Query file:      /sw/bioinfo/BUSCO/v5_lineage_sets/lineages/chlorophyta_odb10/hmms/6476at3041.hmm
# Target file:     /crex/proj/snic2022-23-81/expression_algae/code/busco/trinity_VA-3180-Osg11Pal/run_chlorophyta_odb10/metaeuk_output/initial_results/trinity_VA-3180-Osg11Pal.Trinity.fasta.modified.fas
# Option settings: hmmsearch --domtblout /crex/proj/snic2022-23-81/expression_algae/code/busco/trinity_VA-3180-Osg11Pal/run_chlorophyta_odb10/hmmer_output/initial_run_results/6476at3041.out --cpu 1 /sw/bioinfo/BUSCO/v5_lineage_sets/lineages/chlorophyta_odb10/hmms/6476at3041.hmm /crex/proj/snic2022-23-81/expression_algae/code/busco/trinity_VA-3180-Osg11Pal/run_chlorophyta_odb10/metaeuk_output/initial_results/trinity_VA-3180-Osg11Pal.Trinity.fasta.modified.fas 
# Current dir:     /crex/proj/snic2022-23-81/expression_algae/code/busco
# Date:            Fri Sep 23 10:12:17 2022
# [ok]
