#                                                                                          --- full sequence --- -------------- this domain -------------   hmm coord   ali coord   env coord
# target name                      accession   tlen query name           accession   qlen   E-value  score  bias   #  of  c-Evalue  i-Evalue  score  bias  from    to  from    to  from    to  acc description of target
#              ------------------- ---------- ----- -------------------- ---------- ----- --------- ------ ----- --- --- --------- --------- ------ ----- ----- ----- ----- ----- ----- ----- ---- ---------------------
TRINITY_DN926_c0_g1_i1:604-1866    -            421 6562at3041           -            428   8.9e-41  137.6  17.9   1   6    0.0074       5.6    3.2   0.0    75    93     1    19     1    22 0.92 -
TRINITY_DN926_c0_g1_i1:604-1866    -            421 6562at3041           -            428   8.9e-41  137.6  17.9   2   6   6.4e-06    0.0049   13.3   0.0   168   194    31    57    27    58 0.90 -
TRINITY_DN926_c0_g1_i1:604-1866    -            421 6562at3041           -            428   8.9e-41  137.6  17.9   3   6   9.1e-06    0.0068   12.8   0.0   104   137    53    86    52    92 0.94 -
TRINITY_DN926_c0_g1_i1:604-1866    -            421 6562at3041           -            428   8.9e-41  137.6  17.9   4   6   2.4e-06    0.0018   14.7   0.0    58    93   100   135    89   140 0.85 -
TRINITY_DN926_c0_g1_i1:604-1866    -            421 6562at3041           -            428   8.9e-41  137.6  17.9   5   6   3.9e-05     0.029   10.7   0.0    49    94   206   252   198   255 0.73 -
TRINITY_DN926_c0_g1_i1:604-1866    -            421 6562at3041           -            428   8.9e-41  137.6  17.9   6   6   1.2e-28   9.4e-26   88.1   9.8   256   398   263   407   255   420 0.93 -
TRINITY_DN11644_c0_g1_i2:1163-1477 -            105 6562at3041           -            428   6.1e-08   29.4   4.0   1   1   2.2e-09   1.7e-06   24.7   4.0   286   396     4   101     1   104 0.86 -
TRINITY_DN2219_c0_g1_i4:1-798      -            266 6562at3041           -            428   7.7e-08   29.1   2.7   1   1   5.9e-10   4.5e-07   26.6   2.7   294   396     8    97     3   103 0.80 -
TRINITY_DN4478_c0_g1_i4:81-428     -            116 6562at3041           -            428   0.00066   16.2   0.0   1   3    0.0021       1.6    5.0   0.0   212   244    32    65    28    67 0.80 -
TRINITY_DN4478_c0_g1_i4:81-428     -            116 6562at3041           -            428   0.00066   16.2   0.0   2   3   8.2e-05     0.062    9.7   0.0    63    93    63    93    61   101 0.91 -
TRINITY_DN4478_c0_g1_i4:81-428     -            116 6562at3041           -            428   0.00066   16.2   0.0   3   3     0.038        29    0.9   0.0   252   269    97   114    93   116 0.82 -
#
# Program:         hmmsearch
# Version:         3.2.1 (June 2018)
# Pipeline mode:   SEARCH
# Query file:      /sw/bioinfo/BUSCO/v5_lineage_sets/lineages/chlorophyta_odb10/hmms/6562at3041.hmm
# Target file:     /crex/proj/snic2022-23-81/expression_algae/code/busco/trinity_VA-3180-Osg11Pal/run_chlorophyta_odb10/metaeuk_output/initial_results/trinity_VA-3180-Osg11Pal.Trinity.fasta.modified.fas
# Option settings: hmmsearch --domtblout /crex/proj/snic2022-23-81/expression_algae/code/busco/trinity_VA-3180-Osg11Pal/run_chlorophyta_odb10/hmmer_output/initial_run_results/6562at3041.out --cpu 1 /sw/bioinfo/BUSCO/v5_lineage_sets/lineages/chlorophyta_odb10/hmms/6562at3041.hmm /crex/proj/snic2022-23-81/expression_algae/code/busco/trinity_VA-3180-Osg11Pal/run_chlorophyta_odb10/metaeuk_output/initial_results/trinity_VA-3180-Osg11Pal.Trinity.fasta.modified.fas 
# Current dir:     /crex/proj/snic2022-23-81/expression_algae/code/busco
# Date:            Fri Sep 23 10:12:17 2022
# [ok]
