#                                                                                        --- full sequence --- -------------- this domain -------------   hmm coord   ali coord   env coord
# target name                    accession   tlen query name           accession   qlen   E-value  score  bias   #  of  c-Evalue  i-Evalue  score  bias  from    to  from    to  from    to  acc description of target
#            ------------------- ---------- ----- -------------------- ---------- ----- --------- ------ ----- --- --- --------- --------- ------ ----- ----- ----- ----- ----- ----- ----- ---- ---------------------
TRINITY_DN1243_c0_g1_i1:127-669  -            181 8260at3041           -            210   4.7e-42  141.6   2.2   1   1   1.1e-43   4.2e-41  138.5   2.2     9   115     1   127     1   136 0.85 -
TRINITY_DN1243_c0_g1_i2:127-739  -            180 8260at3041           -            210   1.2e-41  140.2   1.5   1   1   1.6e-43   6.2e-41  137.9   1.5     9   115     1   126     1   135 0.85 -
TRINITY_DN991_c0_g1_i3:542-910   -            123 8260at3041           -            210   1.3e-11   42.1   0.0   1   1   4.4e-14   1.7e-11   41.8   0.0     5   109     3   120     1   122 0.83 -
TRINITY_DN1127_c0_g1_i4:578-1390 -            271 8260at3041           -            210   0.00028   18.2   0.0   1   2   7.8e-06    0.0029   14.8   0.0   142   206     4    79     1    82 0.68 -
TRINITY_DN1127_c0_g1_i4:578-1390 -            271 8260at3041           -            210   0.00028   18.2   0.0   2   2      0.17        64    0.7   0.0   174   208   218   252   206   254 0.85 -
TRINITY_DN343_c0_g1_i1:237-734   -            166 8260at3041           -            210   0.00033   17.9   0.1   1   2       0.1        39    1.3   0.0   158   196    23    63    15    77 0.69 -
TRINITY_DN343_c0_g1_i1:237-734   -            166 8260at3041           -            210   0.00033   17.9   0.1   2   2   9.7e-06    0.0037   14.5   0.0   130   201    78   158    72   163 0.75 -
TRINITY_DN1425_c0_g1_i1:882-1361 -            160 8260at3041           -            210   0.00038   17.7   0.0   1   2     0.014       5.3    4.2   0.0   156   198    19    63    12    74 0.75 -
TRINITY_DN1425_c0_g1_i1:882-1361 -            160 8260at3041           -            210   0.00038   17.7   0.0   2   2   5.6e-05     0.021   12.0   0.0   155   199   106   150    70   157 0.80 -
TRINITY_DN1545_c0_g1_i2:57-263   -             69 8260at3041           -            210     0.017   12.3   0.0   1   1   4.5e-05     0.017   12.3   0.0   157   198    18    58     1    68 0.78 -
TRINITY_DN1545_c0_g1_i4:57-263   -             69 8260at3041           -            210     0.017   12.3   0.0   1   1   4.5e-05     0.017   12.3   0.0   157   198    18    58     1    68 0.78 -
#
# Program:         hmmsearch
# Version:         3.2.1 (June 2018)
# Pipeline mode:   SEARCH
# Query file:      /sw/bioinfo/BUSCO/v5_lineage_sets/lineages/chlorophyta_odb10/hmms/8260at3041.hmm
# Target file:     /crex/proj/snic2022-23-81/expression_algae/code/busco/trinity_VA-3180-Osg11Pal/run_chlorophyta_odb10/metaeuk_output/initial_results/trinity_VA-3180-Osg11Pal.Trinity.fasta.modified.fas
# Option settings: hmmsearch --domtblout /crex/proj/snic2022-23-81/expression_algae/code/busco/trinity_VA-3180-Osg11Pal/run_chlorophyta_odb10/hmmer_output/initial_run_results/8260at3041.out --cpu 1 /sw/bioinfo/BUSCO/v5_lineage_sets/lineages/chlorophyta_odb10/hmms/8260at3041.hmm /crex/proj/snic2022-23-81/expression_algae/code/busco/trinity_VA-3180-Osg11Pal/run_chlorophyta_odb10/metaeuk_output/initial_results/trinity_VA-3180-Osg11Pal.Trinity.fasta.modified.fas 
# Current dir:     /crex/proj/snic2022-23-81/expression_algae/code/busco
# Date:            Fri Sep 23 10:12:19 2022
# [ok]
