#                                                                                        --- full sequence --- -------------- this domain -------------   hmm coord   ali coord   env coord
# target name                    accession   tlen query name           accession   qlen   E-value  score  bias   #  of  c-Evalue  i-Evalue  score  bias  from    to  from    to  from    to  acc description of target
#            ------------------- ---------- ----- -------------------- ---------- ----- --------- ------ ----- --- --- --------- --------- ------ ----- ----- ----- ----- ----- ----- ----- ---- ---------------------
TRINITY_DN57945_c0_g1_i1:141-470 -            110 8868at3041           -             80   3.9e-48  158.8   0.6   1   1   1.6e-50   4.8e-48  158.5   0.6     1    80    23   110    23   110 0.95 -
TRINITY_DN7035_c0_g1_i1:38-274   -             79 8868at3041           -             80     6e-13   46.1   0.0   1   1   2.4e-15   7.3e-13   45.8   0.0     2    75     1    79     1    79 0.85 -
TRINITY_DN5337_c0_g1_i1:1-330    -            110 8868at3041           -             80   4.2e-07   27.3   0.0   1   1     2e-09   6.2e-07   26.8   0.0    16    73    19    79     4    86 0.77 -
TRINITY_DN5337_c0_g1_i2:1-243    -             81 8868at3041           -             80   4.2e-05   20.9   0.0   1   1   2.2e-07   6.5e-05   20.3   0.0    28    73     2    50     1    57 0.77 -
TRINITY_DN37977_c0_g1_i1:88-303  -             72 8868at3041           -             80   5.4e-05   20.6   0.0   1   1   2.3e-07     7e-05   20.2   0.0     6    49     6    48     2    71 0.77 -
TRINITY_DN37977_c0_g1_i2:57-272  -             72 8868at3041           -             80   5.4e-05   20.6   0.0   1   1   2.3e-07     7e-05   20.2   0.0     6    49     6    48     2    71 0.77 -
TRINITY_DN25701_c0_g1_i1:152-418 -             89 8868at3041           -             80   0.00012   19.5   0.0   1   1   7.9e-07   0.00024   18.5   0.0     6    74    22    83    17    88 0.83 -
TRINITY_DN616_c0_g1_i1:132-443   -            104 8868at3041           -             80     0.019   12.4   0.0   1   1   8.4e-05     0.025   12.0   0.0    14    75    20    81     9    84 0.88 -
TRINITY_DN616_c0_g1_i3:132-443   -            104 8868at3041           -             80     0.019   12.4   0.0   1   1   8.4e-05     0.025   12.0   0.0    14    75    20    81     9    84 0.88 -
TRINITY_DN25416_c0_g1_i1:48-197  -             50 8868at3041           -             80     0.023   12.1   0.0   1   1   0.00029     0.088   10.3   0.0    26    74     5    45     1    48 0.74 -
#
# Program:         hmmsearch
# Version:         3.2.1 (June 2018)
# Pipeline mode:   SEARCH
# Query file:      /sw/bioinfo/BUSCO/v5_lineage_sets/lineages/chlorophyta_odb10/hmms/8868at3041.hmm
# Target file:     /crex/proj/snic2022-23-81/expression_algae/code/busco/trinity_VA-3180-Osg11Pal/run_chlorophyta_odb10/metaeuk_output/initial_results/trinity_VA-3180-Osg11Pal.Trinity.fasta.modified.fas
# Option settings: hmmsearch --domtblout /crex/proj/snic2022-23-81/expression_algae/code/busco/trinity_VA-3180-Osg11Pal/run_chlorophyta_odb10/hmmer_output/initial_run_results/8868at3041.out --cpu 1 /sw/bioinfo/BUSCO/v5_lineage_sets/lineages/chlorophyta_odb10/hmms/8868at3041.hmm /crex/proj/snic2022-23-81/expression_algae/code/busco/trinity_VA-3180-Osg11Pal/run_chlorophyta_odb10/metaeuk_output/initial_results/trinity_VA-3180-Osg11Pal.Trinity.fasta.modified.fas 
# Current dir:     /crex/proj/snic2022-23-81/expression_algae/code/busco
# Date:            Fri Sep 23 10:12:18 2022
# [ok]
