#                                                                                        --- full sequence --- -------------- this domain -------------   hmm coord   ali coord   env coord
# target name                    accession   tlen query name           accession   qlen   E-value  score  bias   #  of  c-Evalue  i-Evalue  score  bias  from    to  from    to  from    to  acc description of target
#            ------------------- ---------- ----- -------------------- ---------- ----- --------- ------ ----- --- --- --------- --------- ------ ----- ----- ----- ----- ----- ----- ----- ---- ---------------------
TRINITY_DN4336_c0_g1_i1:29-985   -            319 957at3041            -            450  6.5e-159  526.7   5.0   1   1  2.2e-161  7.3e-159  526.6   5.0   172   450     4   301     1   301 0.95 -
TRINITY_DN13795_c0_g1_i2:150-620 -            157 957at3041            -            450   1.7e-49  166.0   0.0   1   1   5.9e-52     2e-49  165.8   0.0     1   119    11   157    11   157 0.88 -
TRINITY_DN13795_c0_g1_i1:150-491 -            114 957at3041            -            450   4.2e-35  118.6   0.0   1   1   1.5e-37     5e-35  118.4   0.0    30   119     5   114     2   114 0.86 -
TRINITY_DN1037_c0_g1_i1:2-493    -            164 957at3041            -            450   0.00052   16.1   0.0   1   2    0.0013      0.43    6.5   0.0    47    86    25    66     2   101 0.74 -
TRINITY_DN1037_c0_g1_i1:2-493    -            164 957at3041            -            450   0.00052   16.1   0.0   2   2   0.00045      0.15    8.0   0.0   139   159   138   158   128   162 0.82 -
TRINITY_DN88_c0_g1_i5:505-1395   -            297 957at3041            -            450    0.0061   12.6   0.1   1   2   3.8e-05     0.013   11.5   0.0    24    71    95   142    83   155 0.77 -
TRINITY_DN88_c0_g1_i5:505-1395   -            297 957at3041            -            450    0.0061   12.6   0.1   2   2       1.2   3.9e+02   -3.2   0.0   151   159   262   270   260   276 0.78 -
TRINITY_DN88_c0_g1_i9:505-1491   -            329 957at3041            -            450    0.0074   12.3   0.1   1   2   4.5e-05     0.015   11.3   0.0    24    71   127   174   115   187 0.77 -
TRINITY_DN88_c0_g1_i9:505-1491   -            329 957at3041            -            450    0.0074   12.3   0.1   2   2       1.5     5e+02   -3.6   0.1   151   159   294   302   293   308 0.78 -
TRINITY_DN88_c0_g1_i2:505-2112   -            536 957at3041            -            450     0.013   11.5   0.0   1   1   7.9e-05     0.026   10.5   0.0    24    71   359   406   347   444 0.81 -
TRINITY_DN88_c0_g1_i16:505-2187  -            561 957at3041            -            450     0.015   11.3   0.0   1   1   9.5e-05     0.032   10.2   0.0    24    71   359   406   347   419 0.77 -
TRINITY_DN88_c0_g1_i4:505-2272   -            561 957at3041            -            450     0.015   11.3   0.0   1   1   9.5e-05     0.032   10.2   0.0    24    71   359   406   347   419 0.77 -
#
# Program:         hmmsearch
# Version:         3.2.1 (June 2018)
# Pipeline mode:   SEARCH
# Query file:      /sw/bioinfo/BUSCO/v5_lineage_sets/lineages/chlorophyta_odb10/hmms/957at3041.hmm
# Target file:     /crex/proj/snic2022-23-81/expression_algae/code/busco/trinity_VA-3180-Osg11Pal/run_chlorophyta_odb10/metaeuk_output/initial_results/trinity_VA-3180-Osg11Pal.Trinity.fasta.modified.fas
# Option settings: hmmsearch --domtblout /crex/proj/snic2022-23-81/expression_algae/code/busco/trinity_VA-3180-Osg11Pal/run_chlorophyta_odb10/hmmer_output/initial_run_results/957at3041.out --cpu 1 /sw/bioinfo/BUSCO/v5_lineage_sets/lineages/chlorophyta_odb10/hmms/957at3041.hmm /crex/proj/snic2022-23-81/expression_algae/code/busco/trinity_VA-3180-Osg11Pal/run_chlorophyta_odb10/metaeuk_output/initial_results/trinity_VA-3180-Osg11Pal.Trinity.fasta.modified.fas 
# Current dir:     /crex/proj/snic2022-23-81/expression_algae/code/busco
# Date:            Fri Sep 23 10:12:19 2022
# [ok]
