#                                                                                        --- full sequence --- -------------- this domain -------------   hmm coord   ali coord   env coord
# target name                    accession   tlen query name           accession   qlen   E-value  score  bias   #  of  c-Evalue  i-Evalue  score  bias  from    to  from    to  from    to  acc description of target
#            ------------------- ---------- ----- -------------------- ---------- ----- --------- ------ ----- --- --- --------- --------- ------ ----- ----- ----- ----- ----- ----- ----- ---- ---------------------
TRINITY_DN34104_c0_g1_i1:17-214  -             66 2390at3041           -            376   3.7e-34  114.6   0.2   1   1   2.5e-36   4.1e-34  114.5   0.2     1    59     1    59     1    63 0.97 -
TRINITY_DN2613_c0_g1_i1:464-634  -             57 2390at3041           -            376   1.8e-10   36.7   0.0   1   1   1.1e-12   1.9e-10   36.6   0.0   141   191     1    56     1    57 0.85 -
TRINITY_DN26127_c0_g1_i1:7-108   -             34 2390at3041           -            376   1.3e-06   23.9   0.0   1   1   8.2e-09   1.4e-06   23.9   0.0    23    56     1    34     1    34 0.97 -
TRINITY_DN4120_c0_g2_i1:2-694    -            231 2390at3041           -            376   2.9e-06   22.8   0.2   1   1   2.5e-08   4.1e-06   22.3   0.2   139   193    78   134    72   156 0.66 -
TRINITY_DN2892_c0_g1_i1:5-1450   -            482 2390at3041           -            376   5.7e-06   21.8   0.0   1   2      0.73   1.2e+02   -2.3   0.0   235   287    20    67    11    71 0.77 -
TRINITY_DN2892_c0_g1_i1:5-1450   -            482 2390at3041           -            376   5.7e-06   21.8   0.0   2   2   1.4e-07   2.4e-05   19.8   0.0   141   257   171   294   164   303 0.72 -
TRINITY_DN794_c0_g1_i4:98-1813   -            572 2390at3041           -            376     4e-05   19.1   0.0   1   1   7.5e-07   0.00013   17.4   0.0    54   174   217   355   199   385 0.65 -
TRINITY_DN794_c0_g1_i6:98-1953   -            572 2390at3041           -            376     4e-05   19.1   0.0   1   1   7.5e-07   0.00013   17.4   0.0    54   174   217   355   199   385 0.65 -
TRINITY_DN794_c0_g1_i2:363-1094  -            244 2390at3041           -            376   0.00012   17.4   0.0   1   1   1.9e-06   0.00032   16.1   0.0    85   174    23   125     7   155 0.57 -
TRINITY_DN2336_c0_g1_i1:44-1228  -            395 2390at3041           -            376    0.0023   13.3   0.4   1   1   1.9e-05    0.0032   12.8   0.4   140   256     2   127     1   135 0.73 -
TRINITY_DN1221_c0_g1_i1:298-1074 -            259 2390at3041           -            376    0.0058   11.9   0.0   1   1   5.5e-05    0.0092   11.3   0.0   208   292    84   175    69   180 0.70 -
#
# Program:         hmmsearch
# Version:         3.2.1 (June 2018)
# Pipeline mode:   SEARCH
# Query file:      /sw/bioinfo/BUSCO/v5_lineage_sets/lineages/chlorophyta_odb10/hmms/2390at3041.hmm
# Target file:     /crex/proj/snic2022-23-81/expression_algae/code/busco/trinity_VA-3180-Osg03Sin/run_chlorophyta_odb10/metaeuk_output/initial_results/trinity_VA-3180-Osg03Sin.Trinity.fasta.modified.fas
# Option settings: hmmsearch --domtblout /crex/proj/snic2022-23-81/expression_algae/code/busco/trinity_VA-3180-Osg03Sin/run_chlorophyta_odb10/hmmer_output/initial_run_results/2390at3041.out --cpu 1 /sw/bioinfo/BUSCO/v5_lineage_sets/lineages/chlorophyta_odb10/hmms/2390at3041.hmm /crex/proj/snic2022-23-81/expression_algae/code/busco/trinity_VA-3180-Osg03Sin/run_chlorophyta_odb10/metaeuk_output/initial_results/trinity_VA-3180-Osg03Sin.Trinity.fasta.modified.fas 
# Current dir:     /crex/proj/snic2022-23-81/expression_algae/code/busco
# Date:            Fri Sep 23 10:11:11 2022
# [ok]
