#                                                                                       --- full sequence --- -------------- this domain -------------   hmm coord   ali coord   env coord
# target name                   accession   tlen query name           accession   qlen   E-value  score  bias   #  of  c-Evalue  i-Evalue  score  bias  from    to  from    to  from    to  acc description of target
#           ------------------- ---------- ----- -------------------- ---------- ----- --------- ------ ----- --- --- --------- --------- ------ ----- ----- ----- ----- ----- ----- ----- ---- ---------------------
TRINITY_DN3551_c0_g1_i2:2-967   -            322 4202at3041           -            340  1.1e-107  356.4   8.7   1   2  1.6e-108    3e-106  351.6   2.9    91   335     5   273     3   278 0.93 -
TRINITY_DN3551_c0_g1_i2:2-967   -            322 4202at3041           -            340  1.1e-107  356.4   8.7   2   2   0.00037     0.069    8.5   0.3   312   340   291   322   280   322 0.78 -
TRINITY_DN3605_c0_g1_i1:77-223  -             49 4202at3041           -            340   1.2e-25   86.6   1.0   1   1   6.8e-28   1.3e-25   86.5   1.0     8    56     1    49     1    49 0.99 -
TRINITY_DN29675_c0_g1_i1:24-188 -             55 4202at3041           -            340   1.1e-12   43.9   0.9   1   1   6.5e-15   1.2e-12   43.8   0.9    19    64     4    55     1    55 0.87 -
TRINITY_DN4509_c0_g1_i1:526-696 -             57 4202at3041           -            340   1.2e-10   37.3   0.0   1   1   6.6e-13   1.2e-10   37.2   0.0     8    58     1    55     1    57 0.87 -
TRINITY_DN4509_c0_g1_i2:526-696 -             57 4202at3041           -            340   1.2e-10   37.3   0.0   1   1   6.6e-13   1.2e-10   37.2   0.0     8    58     1    55     1    57 0.87 -
TRINITY_DN20781_c0_g1_i1:74-295 -             74 4202at3041           -            340   1.9e-10   36.6   0.0   1   1   2.1e-12   3.9e-10   35.6   0.0     8    64     1    71     1    73 0.77 -
TRINITY_DN3997_c0_g1_i2:185-340 -             52 4202at3041           -            340   3.7e-09   32.4   0.1   1   1   2.1e-11   3.9e-09   32.3   0.1    17    64     2    52     1    52 0.91 -
TRINITY_DN16219_c0_g1_i1:45-197 -             51 4202at3041           -            340   1.2e-07   27.4   0.1   1   1   6.4e-10   1.2e-07   27.4   0.1    11    54     1    48     1    51 0.89 -
TRINITY_DN6584_c0_g1_i2:508-942 -            145 4202at3041           -            340   0.00069   15.0   0.0   1   1   4.5e-06   0.00083   14.8   0.0    41    90     5    50     1    62 0.73 -
#
# Program:         hmmsearch
# Version:         3.2.1 (June 2018)
# Pipeline mode:   SEARCH
# Query file:      /sw/bioinfo/BUSCO/v5_lineage_sets/lineages/chlorophyta_odb10/hmms/4202at3041.hmm
# Target file:     /crex/proj/snic2022-23-81/expression_algae/code/busco/trinity_VA-3180-Osg03Sin/run_chlorophyta_odb10/metaeuk_output/initial_results/trinity_VA-3180-Osg03Sin.Trinity.fasta.modified.fas
# Option settings: hmmsearch --domtblout /crex/proj/snic2022-23-81/expression_algae/code/busco/trinity_VA-3180-Osg03Sin/run_chlorophyta_odb10/hmmer_output/initial_run_results/4202at3041.out --cpu 1 /sw/bioinfo/BUSCO/v5_lineage_sets/lineages/chlorophyta_odb10/hmms/4202at3041.hmm /crex/proj/snic2022-23-81/expression_algae/code/busco/trinity_VA-3180-Osg03Sin/run_chlorophyta_odb10/metaeuk_output/initial_results/trinity_VA-3180-Osg03Sin.Trinity.fasta.modified.fas 
# Current dir:     /crex/proj/snic2022-23-81/expression_algae/code/busco
# Date:            Fri Sep 23 10:11:12 2022
# [ok]
