#                                                                                        --- full sequence --- -------------- this domain -------------   hmm coord   ali coord   env coord
# target name                    accession   tlen query name           accession   qlen   E-value  score  bias   #  of  c-Evalue  i-Evalue  score  bias  from    to  from    to  from    to  acc description of target
#            ------------------- ---------- ----- -------------------- ---------- ----- --------- ------ ----- --- --- --------- --------- ------ ----- ----- ----- ----- ----- ----- ----- ---- ---------------------
TRINITY_DN30046_c0_g1_i1:58-657  -            200 5060at3041           -            179  3.1e-108  356.2   4.6   1   2   4.7e-37   1.1e-34  116.5   0.1     1    55     1    55     1    60 0.98 -
TRINITY_DN30046_c0_g1_i1:58-657  -            200 5060at3041           -            179  3.1e-108  356.2   4.6   2   2   2.2e-75   5.3e-73  241.4   1.2    53   170    73   190    56   196 0.96 -
TRINITY_DN319_c0_g1_i1:236-733   -            166 5060at3041           -            179   1.2e-08   31.8   0.1   1   3     1e-06   0.00024   17.7   0.0    65   125    18    82     6    91 0.87 -
TRINITY_DN319_c0_g1_i1:236-733   -            166 5060at3041           -            179   1.2e-08   31.8   0.1   2   3      0.34        81   -0.3   0.0    90   108    93   111    85   117 0.84 -
TRINITY_DN319_c0_g1_i1:236-733   -            166 5060at3041           -            179   1.2e-08   31.8   0.1   3   3     8e-05     0.019   11.5   0.1    67   121   111   165    94   166 0.88 -
TRINITY_DN100_c0_g2_i1:1054-1716 -            221 5060at3041           -            179    0.0021   14.7   0.0   1   2   0.00043       0.1    9.2   0.0    63   122    31    91    12   104 0.89 -
TRINITY_DN100_c0_g2_i1:1054-1716 -            221 5060at3041           -            179    0.0021   14.7   0.0   2   2     0.021         5    3.7   0.0    69   120   168   219   159   221 0.85 -
TRINITY_DN34030_c0_g1_i1:0-362   -            121 5060at3041           -            179    0.0043   13.7   0.1   1   1     2e-05    0.0047   13.5   0.1    63   141    32   109     6   115 0.84 -
TRINITY_DN16535_c0_g1_i1:0-281   -             94 5060at3041           -            179    0.0046   13.6   0.0   1   1   2.1e-05     0.005   13.4   0.0    72   124    40    93    24    94 0.87 -
TRINITY_DN28213_c0_g1_i1:0-194   -             65 5060at3041           -            179    0.0091   12.6   0.0   1   1   4.1e-05    0.0099   12.5   0.0    81   123    16    58     3    63 0.84 -
TRINITY_DN10137_c0_g1_i1:121-714 -            198 5060at3041           -            179     0.012   12.2   0.2   1   2    0.0021      0.51    6.9   0.1    66   123    47   105    31   116 0.83 -
TRINITY_DN10137_c0_g1_i1:121-714 -            198 5060at3041           -            179     0.012   12.2   0.2   2   2     0.022       5.3    3.6   0.0    93   125   163   195   134   197 0.86 -
#
# Program:         hmmsearch
# Version:         3.2.1 (June 2018)
# Pipeline mode:   SEARCH
# Query file:      /sw/bioinfo/BUSCO/v5_lineage_sets/lineages/chlorophyta_odb10/hmms/5060at3041.hmm
# Target file:     /crex/proj/snic2022-23-81/expression_algae/code/busco/trinity_VA-3180-Osg03Sin/run_chlorophyta_odb10/metaeuk_output/initial_results/trinity_VA-3180-Osg03Sin.Trinity.fasta.modified.fas
# Option settings: hmmsearch --domtblout /crex/proj/snic2022-23-81/expression_algae/code/busco/trinity_VA-3180-Osg03Sin/run_chlorophyta_odb10/hmmer_output/initial_run_results/5060at3041.out --cpu 1 /sw/bioinfo/BUSCO/v5_lineage_sets/lineages/chlorophyta_odb10/hmms/5060at3041.hmm /crex/proj/snic2022-23-81/expression_algae/code/busco/trinity_VA-3180-Osg03Sin/run_chlorophyta_odb10/metaeuk_output/initial_results/trinity_VA-3180-Osg03Sin.Trinity.fasta.modified.fas 
# Current dir:     /crex/proj/snic2022-23-81/expression_algae/code/busco
# Date:            Fri Sep 23 10:11:14 2022
# [ok]
