#                                                                                        --- full sequence --- -------------- this domain -------------   hmm coord   ali coord   env coord
# target name                    accession   tlen query name           accession   qlen   E-value  score  bias   #  of  c-Evalue  i-Evalue  score  bias  from    to  from    to  from    to  acc description of target
#            ------------------- ---------- ----- -------------------- ---------- ----- --------- ------ ----- --- --- --------- --------- ------ ----- ----- ----- ----- ----- ----- ----- ---- ---------------------
TRINITY_DN6193_c0_g1_i1:90-806   -            239 5429at3041           -            207  9.6e-117  384.6   2.2   1   1  7.8e-119  1.2e-116  384.3   2.2    11   207    29   231    18   231 0.97 -
TRINITY_DN33385_c0_g1_i1:2-478   -            159 5429at3041           -            207   1.2e-18   64.2   0.7   1   1   9.7e-21   1.5e-18   63.9   0.7     6   155     6   157     2   158 0.94 -
TRINITY_DN32899_c0_g1_i1:35-739  -            235 5429at3041           -            207   6.8e-12   42.1   0.0   1   1   6.2e-14   9.5e-12   41.6   0.0    12   191    30   216    21   230 0.78 -
TRINITY_DN33854_c0_g1_i1:1-687   -            229 5429at3041           -            207   2.9e-09   33.5   0.0   1   1   2.8e-11   4.3e-09   33.0   0.0    13   163    67   222    60   227 0.84 -
TRINITY_DN27123_c0_g1_i1:2-316   -            105 5429at3041           -            207   1.5e-05   21.4   0.0   1   1     1e-07   1.6e-05   21.3   0.0   108   157    42    91    19   104 0.89 -
TRINITY_DN3342_c0_g1_i1:156-626  -            157 5429at3041           -            207   1.6e-05   21.3   0.0   1   1   3.2e-07   4.9e-05   19.7   0.0    10   124    30   154    20   156 0.71 -
TRINITY_DN1174_c0_g1_i1:2-733    -            244 5429at3041           -            207   3.9e-05   20.0   0.1   1   2   3.2e-05     0.005   13.2   0.1    13   144    36   170    31   185 0.74 -
TRINITY_DN1174_c0_g1_i1:2-733    -            244 5429at3041           -            207   3.9e-05   20.0   0.1   2   2     0.011       1.7    4.8   0.0   160   194   202   236   199   241 0.92 -
TRINITY_DN26030_c0_g1_i1:221-796 -            192 5429at3041           -            207   0.00031   17.1   0.0   1   1   2.4e-06   0.00037   16.8   0.0    19   167     6   158     3   191 0.78 -
TRINITY_DN3177_c0_g1_i2:195-574  -             94 5429at3041           -            207    0.0013   15.0   0.4   1   1     1e-05    0.0015   14.8   0.4    13    68    31    88    19    93 0.77 -
TRINITY_DN3177_c0_g1_i1:195-476  -             94 5429at3041           -            207    0.0015   14.8   0.3   1   1   1.2e-05    0.0018   14.6   0.3    13    68    31    88    19    93 0.78 -
TRINITY_DN31250_c0_g1_i1:2-295   -             98 5429at3041           -            207    0.0038   13.5   0.0   1   1   2.7e-05    0.0041   13.4   0.0   110   192     8    93     2    97 0.74 -
#
# Program:         hmmsearch
# Version:         3.2.1 (June 2018)
# Pipeline mode:   SEARCH
# Query file:      /sw/bioinfo/BUSCO/v5_lineage_sets/lineages/chlorophyta_odb10/hmms/5429at3041.hmm
# Target file:     /crex/proj/snic2022-23-81/expression_algae/code/busco/trinity_VA-3180-Osg03Sin/run_chlorophyta_odb10/metaeuk_output/initial_results/trinity_VA-3180-Osg03Sin.Trinity.fasta.modified.fas
# Option settings: hmmsearch --domtblout /crex/proj/snic2022-23-81/expression_algae/code/busco/trinity_VA-3180-Osg03Sin/run_chlorophyta_odb10/hmmer_output/initial_run_results/5429at3041.out --cpu 1 /sw/bioinfo/BUSCO/v5_lineage_sets/lineages/chlorophyta_odb10/hmms/5429at3041.hmm /crex/proj/snic2022-23-81/expression_algae/code/busco/trinity_VA-3180-Osg03Sin/run_chlorophyta_odb10/metaeuk_output/initial_results/trinity_VA-3180-Osg03Sin.Trinity.fasta.modified.fas 
# Current dir:     /crex/proj/snic2022-23-81/expression_algae/code/busco
# Date:            Fri Sep 23 10:11:13 2022
# [ok]
