#                                                                                    --- full sequence --- -------------- this domain -------------   hmm coord   ali coord   env coord
# target name                accession   tlen query name           accession   qlen   E-value  score  bias   #  of  c-Evalue  i-Evalue  score  bias  from    to  from    to  from    to  acc description of target
#        ------------------- ---------- ----- -------------------- ---------- ----- --------- ------ ----- --- --- --------- --------- ------ ----- ----- ----- ----- ----- ----- ----- ---- ---------------------
TRINITY_DN643_c1_g1_i2:0-767 -            256 6681at3041           -            230     2e-34  115.6   8.7   1   4   8.3e-32   4.7e-29   98.0   0.9    98   177     2    92     1   114 0.88 -
TRINITY_DN643_c1_g1_i2:0-767 -            256 6681at3041           -            230     2e-34  115.6   8.7   2   4      0.29   1.6e+02   -1.9   0.0   170   184   111   125   105   129 0.83 -
TRINITY_DN643_c1_g1_i2:0-767 -            256 6681at3041           -            230     2e-34  115.6   8.7   3   4    0.0026       1.4    4.8   0.3   185   200   157   172   145   185 0.86 -
TRINITY_DN643_c1_g1_i2:0-767 -            256 6681at3041           -            230     2e-34  115.6   8.7   4   4   1.1e-06   0.00061   15.8   0.0   197   227   220   252   203   255 0.83 -
TRINITY_DN643_c1_g1_i1:0-665 -            222 6681at3041           -            230   1.6e-23   79.9   5.2   1   4   7.3e-20   4.1e-17   58.9   0.1   127   177     2    58     1    76 0.88 -
TRINITY_DN643_c1_g1_i1:0-665 -            222 6681at3041           -            230   1.6e-23   79.9   5.2   2   4       0.2   1.1e+02   -1.4   0.0   170   184    77    91    64    96 0.83 -
TRINITY_DN643_c1_g1_i1:0-665 -            222 6681at3041           -            230   1.6e-23   79.9   5.2   3   4    0.0017      0.95    5.4   0.2   185   200   123   138    99   151 0.86 -
TRINITY_DN643_c1_g1_i1:0-665 -            222 6681at3041           -            230   1.6e-23   79.9   5.2   4   4   8.7e-07   0.00049   16.1   0.0   197   227   186   218   169   221 0.83 -
TRINITY_DN643_c1_g1_i3:0-635 -            212 6681at3041           -            230   2.2e-19   66.4   4.6   1   4   1.7e-15   9.4e-13   44.7   0.1   136   177     1    48     1    66 0.86 -
TRINITY_DN643_c1_g1_i3:0-635 -            212 6681at3041           -            230   2.2e-19   66.4   4.6   2   4      0.19     1e+02   -1.3   0.0   170   184    67    81    55    88 0.83 -
TRINITY_DN643_c1_g1_i3:0-635 -            212 6681at3041           -            230   2.2e-19   66.4   4.6   3   4    0.0019         1    5.3   0.3   185   200   113   128    89   135 0.85 -
TRINITY_DN643_c1_g1_i3:0-635 -            212 6681at3041           -            230   2.2e-19   66.4   4.6   4   4   8.1e-07   0.00046   16.2   0.0   197   227   176   208   159   211 0.83 -
#
# Program:         hmmsearch
# Version:         3.2.1 (June 2018)
# Pipeline mode:   SEARCH
# Query file:      /sw/bioinfo/BUSCO/v5_lineage_sets/lineages/chlorophyta_odb10/hmms/6681at3041.hmm
# Target file:     /crex/proj/snic2022-23-81/expression_algae/code/busco/trinity_VA-3180-Osg03Sin/run_chlorophyta_odb10/metaeuk_output/initial_results/trinity_VA-3180-Osg03Sin.Trinity.fasta.modified.fas
# Option settings: hmmsearch --domtblout /crex/proj/snic2022-23-81/expression_algae/code/busco/trinity_VA-3180-Osg03Sin/run_chlorophyta_odb10/hmmer_output/initial_run_results/6681at3041.out --cpu 1 /sw/bioinfo/BUSCO/v5_lineage_sets/lineages/chlorophyta_odb10/hmms/6681at3041.hmm /crex/proj/snic2022-23-81/expression_algae/code/busco/trinity_VA-3180-Osg03Sin/run_chlorophyta_odb10/metaeuk_output/initial_results/trinity_VA-3180-Osg03Sin.Trinity.fasta.modified.fas 
# Current dir:     /crex/proj/snic2022-23-81/expression_algae/code/busco
# Date:            Fri Sep 23 10:11:13 2022
# [ok]
