#                                                                                        --- full sequence --- -------------- this domain -------------   hmm coord   ali coord   env coord
# target name                    accession   tlen query name           accession   qlen   E-value  score  bias   #  of  c-Evalue  i-Evalue  score  bias  from    to  from    to  from    to  acc description of target
#            ------------------- ---------- ----- -------------------- ---------- ----- --------- ------ ----- --- --- --------- --------- ------ ----- ----- ----- ----- ----- ----- ----- ---- ---------------------
TRINITY_DN1923_c0_g1_i1:312-788  -            159 8151at3041           -            114   2.6e-46  153.2  17.3   1   1   5.8e-47   9.7e-45  148.1  17.3     2   114    13   159    12   159 0.82 -
TRINITY_DN29758_c0_g1_i1:32-178  -             49 8151at3041           -            114   1.3e-11   41.4   6.5   1   1   7.7e-14   1.3e-11   41.4   6.5     5    47     2    47     1    49 0.87 -
TRINITY_DN31763_c0_g1_i1:40-195  -             52 8151at3041           -            114     5e-10   36.3   4.7   1   1   3.2e-12   5.4e-10   36.2   4.7     2    45     2    50     1    52 0.82 -
TRINITY_DN15327_c0_g1_i1:3-194   -             64 8151at3041           -            114   1.1e-07   28.8   1.6   1   1   7.1e-10   1.2e-07   28.6   1.6     7    44    23    64    17    64 0.78 -
TRINITY_DN11503_c0_g1_i1:1-582   -            194 8151at3041           -            114   0.00014   18.7   3.2   1   1   1.5e-06   0.00026   17.9   3.2    18    47   164   194   146   194 0.70 -
TRINITY_DN20869_c0_g1_i1:8-199   -             64 8151at3041           -            114   0.00024   18.0   2.4   1   1   2.2e-06   0.00037   17.4   2.4    16    45    27    60    18    63 0.81 -
TRINITY_DN5606_c0_g2_i1:10-390   -            127 8151at3041           -            114    0.0026   14.6   0.0   1   1   1.6e-05    0.0028   14.5   0.0     7    65     3    63     1   106 0.79 -
TRINITY_DN28860_c0_g1_i1:2-622   -            207 8151at3041           -            114     0.011   12.6   0.0   1   2   0.00019     0.032   11.1   0.0     6    35    28    57    24    73 0.82 -
TRINITY_DN28860_c0_g1_i1:2-622   -            207 8151at3041           -            114     0.011   12.6   0.0   2   2       2.1   3.6e+02   -2.0   0.0    39    70   172   201   169   206 0.70 -
TRINITY_DN32174_c0_g1_i1:2-136   -             45 8151at3041           -            114     0.015   12.1  11.4   1   1   0.00011     0.018   11.9  11.4     7    43     5    45     2    45 0.75 -
TRINITY_DN12866_c0_g1_i2:323-583 -             87 8151at3041           -            114     0.047   10.5  11.9   1   1   0.00023     0.039   10.8  10.8     7    44     4    44     2    52 0.74 -
#
# Program:         hmmsearch
# Version:         3.2.1 (June 2018)
# Pipeline mode:   SEARCH
# Query file:      /sw/bioinfo/BUSCO/v5_lineage_sets/lineages/chlorophyta_odb10/hmms/8151at3041.hmm
# Target file:     /crex/proj/snic2022-23-81/expression_algae/code/busco/trinity_VA-3180-Osg03Sin/run_chlorophyta_odb10/metaeuk_output/initial_results/trinity_VA-3180-Osg03Sin.Trinity.fasta.modified.fas
# Option settings: hmmsearch --domtblout /crex/proj/snic2022-23-81/expression_algae/code/busco/trinity_VA-3180-Osg03Sin/run_chlorophyta_odb10/hmmer_output/initial_run_results/8151at3041.out --cpu 1 /sw/bioinfo/BUSCO/v5_lineage_sets/lineages/chlorophyta_odb10/hmms/8151at3041.hmm /crex/proj/snic2022-23-81/expression_algae/code/busco/trinity_VA-3180-Osg03Sin/run_chlorophyta_odb10/metaeuk_output/initial_results/trinity_VA-3180-Osg03Sin.Trinity.fasta.modified.fas 
# Current dir:     /crex/proj/snic2022-23-81/expression_algae/code/busco
# Date:            Fri Sep 23 10:11:14 2022
# [ok]
