#                                                                                         --- full sequence --- -------------- this domain -------------   hmm coord   ali coord   env coord
# target name                     accession   tlen query name           accession   qlen   E-value  score  bias   #  of  c-Evalue  i-Evalue  score  bias  from    to  from    to  from    to  acc description of target
#             ------------------- ---------- ----- -------------------- ---------- ----- --------- ------ ----- --- --- --------- --------- ------ ----- ----- ----- ----- ----- ----- ----- ---- ---------------------
TRINITY_DN35113_c0_g1_i1:214-948  -            245 2802at3041           -            306   2.9e-09   33.5   0.0   1   1   1.4e-11   3.8e-09   33.1   0.0     6   229     7   240     3   245 0.69 -
TRINITY_DN2507_c0_g1_i2:85-1074   -            330 2802at3041           -            306   1.2e-06   24.8   0.1   1   1   6.3e-09   1.7e-06   24.3   0.1     3   110     2   121     1   132 0.87 -
TRINITY_DN14028_c0_g1_i1:34-522   -            163 2802at3041           -            306   3.3e-06   23.4   0.0   1   1   1.5e-08   4.1e-06   23.1   0.0    80   143    42   110    20   129 0.80 -
TRINITY_DN35052_c0_g1_i1:585-1385 -            267 2802at3041           -            306   0.00011   18.4   0.0   1   2   3.6e-06     0.001   15.3   0.0     8    40     1    33     1   117 0.66 -
TRINITY_DN35052_c0_g1_i1:585-1385 -            267 2802at3041           -            306   0.00011   18.4   0.0   2   2     0.067        18    1.2   0.0   191   248   203   264   170   267 0.71 -
TRINITY_DN734_c1_g1_i4:119-958    -            280 2802at3041           -            306   0.00019   17.6   0.0   1   2    0.0044       1.2    5.1   0.0     3    38    25    62    23    99 0.85 -
TRINITY_DN734_c1_g1_i4:119-958    -            280 2802at3041           -            306   0.00019   17.6   0.0   2   2   9.9e-05     0.027   10.5   0.0    81   144   143   214   127   227 0.76 -
TRINITY_DN734_c1_g1_i5:119-958    -            280 2802at3041           -            306   0.00019   17.6   0.0   1   2    0.0044       1.2    5.1   0.0     3    38    25    62    23    99 0.85 -
TRINITY_DN734_c1_g1_i5:119-958    -            280 2802at3041           -            306   0.00019   17.6   0.0   2   2   9.9e-05     0.027   10.5   0.0    81   144   143   214   127   227 0.76 -
TRINITY_DN734_c1_g1_i9:119-958    -            280 2802at3041           -            306   0.00019   17.6   0.0   1   2    0.0044       1.2    5.1   0.0     3    38    25    62    23    99 0.85 -
TRINITY_DN734_c1_g1_i9:119-958    -            280 2802at3041           -            306   0.00019   17.6   0.0   2   2   9.9e-05     0.027   10.5   0.0    81   144   143   214   127   227 0.76 -
#
# Program:         hmmsearch
# Version:         3.2.1 (June 2018)
# Pipeline mode:   SEARCH
# Query file:      /sw/bioinfo/BUSCO/v5_lineage_sets/lineages/chlorophyta_odb10/hmms/2802at3041.hmm
# Target file:     /crex/proj/snic2022-23-81/expression_algae/code/busco/trinity_VA-3180-Osg11Mul/run_chlorophyta_odb10/metaeuk_output/rerun_results/trinity_VA-3180-Osg11Mul.Trinity.fasta.modified.fas
# Option settings: hmmsearch --domtblout /crex/proj/snic2022-23-81/expression_algae/code/busco/trinity_VA-3180-Osg11Mul/run_chlorophyta_odb10/hmmer_output/rerun_results/2802at3041.out --cpu 1 /sw/bioinfo/BUSCO/v5_lineage_sets/lineages/chlorophyta_odb10/hmms/2802at3041.hmm /crex/proj/snic2022-23-81/expression_algae/code/busco/trinity_VA-3180-Osg11Mul/run_chlorophyta_odb10/metaeuk_output/rerun_results/trinity_VA-3180-Osg11Mul.Trinity.fasta.modified.fas 
# Current dir:     /crex/proj/snic2022-23-81/expression_algae/code/busco
# Date:            Fri Sep 23 10:14:01 2022
# [ok]
