#                                                                                         --- full sequence --- -------------- this domain -------------   hmm coord   ali coord   env coord
# target name                     accession   tlen query name           accession   qlen   E-value  score  bias   #  of  c-Evalue  i-Evalue  score  bias  from    to  from    to  from    to  acc description of target
#             ------------------- ---------- ----- -------------------- ---------- ----- --------- ------ ----- --- --- --------- --------- ------ ----- ----- ----- ----- ----- ----- ----- ---- ---------------------
TRINITY_DN12981_c0_g1_i1:66-1307  -            414 4351at3041           -            409    0.0028   13.3   0.2   1   2     0.021       6.8    2.1   0.0   106   128   136   158   133   166 0.87 -
TRINITY_DN12981_c0_g1_i1:66-1307  -            414 4351at3041           -            409    0.0028   13.3   0.2   2   2   0.00019     0.061    8.9   0.2   223   278   314   366   303   387 0.82 -
TRINITY_DN12981_c0_g1_i2:66-1307  -            414 4351at3041           -            409    0.0028   13.3   0.2   1   2     0.021       6.8    2.1   0.0   106   128   136   158   133   166 0.87 -
TRINITY_DN12981_c0_g1_i2:66-1307  -            414 4351at3041           -            409    0.0028   13.3   0.2   2   2   0.00019     0.061    8.9   0.2   223   278   314   366   303   387 0.82 -
TRINITY_DN434_c0_g1_i17:1063-2043 -            327 4351at3041           -            409     0.005   12.4   0.2   1   2   4.6e-05     0.015   10.9   0.0     2    32    10    40     9    45 0.94 -
TRINITY_DN434_c0_g1_i17:1063-2043 -            327 4351at3041           -            409     0.005   12.4   0.2   2   2      0.24        76   -1.3   0.0     2    26   151   175   150   187 0.70 -
TRINITY_DN434_c0_g1_i1:1063-2043  -            327 4351at3041           -            409     0.005   12.4   0.2   1   2   4.6e-05     0.015   10.9   0.0     2    32    10    40     9    45 0.94 -
TRINITY_DN434_c0_g1_i1:1063-2043  -            327 4351at3041           -            409     0.005   12.4   0.2   2   2      0.24        76   -1.3   0.0     2    26   151   175   150   187 0.70 -
TRINITY_DN434_c0_g1_i40:1063-2043 -            327 4351at3041           -            409     0.005   12.4   0.2   1   2   4.6e-05     0.015   10.9   0.0     2    32    10    40     9    45 0.94 -
TRINITY_DN434_c0_g1_i40:1063-2043 -            327 4351at3041           -            409     0.005   12.4   0.2   2   2      0.24        76   -1.3   0.0     2    26   151   175   150   187 0.70 -
TRINITY_DN434_c0_g1_i8:1021-2001  -            327 4351at3041           -            409     0.005   12.4   0.2   1   2   4.6e-05     0.015   10.9   0.0     2    32    10    40     9    45 0.94 -
TRINITY_DN434_c0_g1_i8:1021-2001  -            327 4351at3041           -            409     0.005   12.4   0.2   2   2      0.24        76   -1.3   0.0     2    26   151   175   150   187 0.70 -
#
# Program:         hmmsearch
# Version:         3.2.1 (June 2018)
# Pipeline mode:   SEARCH
# Query file:      /sw/bioinfo/BUSCO/v5_lineage_sets/lineages/chlorophyta_odb10/hmms/4351at3041.hmm
# Target file:     /crex/proj/snic2022-23-81/expression_algae/code/busco/trinity_VA-3180-Osg11Mul/run_chlorophyta_odb10/metaeuk_output/rerun_results/trinity_VA-3180-Osg11Mul.Trinity.fasta.modified.fas
# Option settings: hmmsearch --domtblout /crex/proj/snic2022-23-81/expression_algae/code/busco/trinity_VA-3180-Osg11Mul/run_chlorophyta_odb10/hmmer_output/rerun_results/4351at3041.out --cpu 1 /sw/bioinfo/BUSCO/v5_lineage_sets/lineages/chlorophyta_odb10/hmms/4351at3041.hmm /crex/proj/snic2022-23-81/expression_algae/code/busco/trinity_VA-3180-Osg11Mul/run_chlorophyta_odb10/metaeuk_output/rerun_results/trinity_VA-3180-Osg11Mul.Trinity.fasta.modified.fas 
# Current dir:     /crex/proj/snic2022-23-81/expression_algae/code/busco
# Date:            Fri Sep 23 10:14:01 2022
# [ok]
