#                                                                                        --- full sequence --- -------------- this domain -------------   hmm coord   ali coord   env coord
# target name                    accession   tlen query name           accession   qlen   E-value  score  bias   #  of  c-Evalue  i-Evalue  score  bias  from    to  from    to  from    to  acc description of target
#            ------------------- ---------- ----- -------------------- ---------- ----- --------- ------ ----- --- --- --------- --------- ------ ----- ----- ----- ----- ----- ----- ----- ---- ---------------------
TRINITY_DN34411_c0_g1_i1:8-274   -             89 10566at3041          -             67   4.8e-39  129.5   2.1   1   1   2.3e-41   8.7e-39  128.7   2.1     2    67     6    84     5    84 0.92 -
TRINITY_DN35913_c0_g1_i1:41-409  -            123 10566at3041          -             67   1.2e-06   25.7   0.1   1   2   5.5e-07   0.00021   18.6   0.0    30    53    27    50     7    53 0.82 -
TRINITY_DN35913_c0_g1_i1:41-409  -            123 10566at3041          -             67   1.2e-06   25.7   0.1   2   2    0.0092       3.4    5.0   0.1    47    64    61    78    58    81 0.87 -
TRINITY_DN17879_c0_g1_i1:423-632 -             70 10566at3041          -             67   1.3e-06   25.6   0.1   1   1   4.3e-09   1.6e-06   25.3   0.1    16    65     4    58     2    60 0.72 -
TRINITY_DN21593_c0_g1_i1:68-283  -             72 10566at3041          -             67   1.4e-05   22.3   1.2   1   1   1.8e-07   6.9e-05   20.1   1.2    30    64    24    67     2    70 0.62 -
TRINITY_DN28045_c0_g1_i1:623-844 -             74 10566at3041          -             67    0.0044   14.3   0.1   1   1   1.5e-05    0.0057   13.9   0.1    28    66    21    65     4    66 0.74 -
TRINITY_DN265_c0_g1_i2:35-346    -            104 10566at3041          -             67     0.017   12.4   0.3   1   2   0.00012     0.045   11.1   0.0    30    50    30    50    12    53 0.87 -
TRINITY_DN265_c0_g1_i2:35-346    -            104 10566at3041          -             67     0.017   12.4   0.3   2   2      0.76   2.9e+02   -1.1   0.1    48    66    62    80    59    81 0.80 -
TRINITY_DN265_c0_g1_i3:35-346    -            104 10566at3041          -             67     0.017   12.4   0.3   1   2   0.00012     0.045   11.1   0.0    30    50    30    50    12    53 0.87 -
TRINITY_DN265_c0_g1_i3:35-346    -            104 10566at3041          -             67     0.017   12.4   0.3   2   2      0.76   2.9e+02   -1.1   0.1    48    66    62    80    59    81 0.80 -
#
# Program:         hmmsearch
# Version:         3.2.1 (June 2018)
# Pipeline mode:   SEARCH
# Query file:      /sw/bioinfo/BUSCO/v5_lineage_sets/lineages/chlorophyta_odb10/hmms/10566at3041.hmm
# Target file:     /crex/proj/snic2022-23-81/expression_algae/code/busco/trinity_VA-3180-Osg12Mul/run_chlorophyta_odb10/metaeuk_output/initial_results/trinity_VA-3180-Osg12Mul.Trinity.fasta.modified.fas
# Option settings: hmmsearch --domtblout /crex/proj/snic2022-23-81/expression_algae/code/busco/trinity_VA-3180-Osg12Mul/run_chlorophyta_odb10/hmmer_output/initial_run_results/10566at3041.out --cpu 1 /sw/bioinfo/BUSCO/v5_lineage_sets/lineages/chlorophyta_odb10/hmms/10566at3041.hmm /crex/proj/snic2022-23-81/expression_algae/code/busco/trinity_VA-3180-Osg12Mul/run_chlorophyta_odb10/metaeuk_output/initial_results/trinity_VA-3180-Osg12Mul.Trinity.fasta.modified.fas 
# Current dir:     /crex/proj/snic2022-23-81/expression_algae/code/busco
# Date:            Fri Sep 23 10:12:05 2022
# [ok]
