#                                                                                        --- full sequence --- -------------- this domain -------------   hmm coord   ali coord   env coord
# target name                    accession   tlen query name           accession   qlen   E-value  score  bias   #  of  c-Evalue  i-Evalue  score  bias  from    to  from    to  from    to  acc description of target
#            ------------------- ---------- ----- -------------------- ---------- ----- --------- ------ ----- --- --- --------- --------- ------ ----- ----- ----- ----- ----- ----- ----- ---- ---------------------
TRINITY_DN34574_c0_g1_i1:3-773   -            257 2782at3041           -            367   4.2e-69  230.4   2.2   1   3   1.2e-37   3.5e-35  118.8   0.0   198   266     1    69     1    82 0.97 -
TRINITY_DN34574_c0_g1_i1:3-773   -            257 2782at3041           -            367   4.2e-69  230.4   2.2   2   3      0.43   1.2e+02   -1.5   0.0   263   284    93   116    74   119 0.74 -
TRINITY_DN34574_c0_g1_i1:3-773   -            257 2782at3041           -            367   4.2e-69  230.4   2.2   3   3   4.6e-35   1.3e-32  110.3   0.7   291   366   166   252   141   253 0.86 -
TRINITY_DN377_c0_g2_i1:210-2213  -            668 2782at3041           -            367   9.1e-08   28.6   0.0   1   1   5.1e-10   1.5e-07   27.9   0.0   148   268   174   295   170   339 0.74 -
TRINITY_DN35000_c0_g1_i1:508-678 -             57 2782at3041           -            367   9.2e-07   25.3   0.1   1   1   3.3e-09   9.8e-07   25.2   0.1   145   200     1    57     1    57 0.87 -
TRINITY_DN7767_c0_g1_i3:123-1670 -            516 2782at3041           -            367   0.00092   15.4   0.4   1   2       1.4   4.2e+02   -3.2   0.0   251   270   185   204   145   213 0.54 -
TRINITY_DN7767_c0_g1_i3:123-1670 -            516 2782at3041           -            367   0.00092   15.4   0.4   2   2   6.7e-06     0.002   14.3   0.1   139   179   290   331   266   358 0.76 -
TRINITY_DN29583_c0_g1_i1:29-553  -            175 2782at3041           -            367    0.0015   14.7   0.1   1   1   3.1e-05    0.0091   12.2   0.1   147   276    19   137    12   154 0.65 -
TRINITY_DN37809_c0_g1_i1:43-165  -             41 2782at3041           -            367    0.0025   14.0   0.0   1   1   8.6e-06    0.0025   14.0   0.0   146   164     2    20     1    30 0.85 -
TRINITY_DN3126_c0_g1_i1:347-991  -            215 2782at3041           -            367    0.0052   12.9   0.1   1   1   2.8e-05    0.0083   12.3   0.1   134   172    21    59     6    69 0.82 -
TRINITY_DN12087_c0_g1_i1:56-223  -             56 2782at3041           -            367    0.0077   12.4   0.0   1   1   2.6e-05    0.0077   12.4   0.0   145   169     1    25     1    43 0.81 -
TRINITY_DN16815_c0_g1_i1:1-1143  -            381 2782at3041           -            367     0.008   12.3   0.7   1   1   8.8e-05     0.026   10.7   0.7   145   267   114   239   110   263 0.67 -
#
# Program:         hmmsearch
# Version:         3.2.1 (June 2018)
# Pipeline mode:   SEARCH
# Query file:      /sw/bioinfo/BUSCO/v5_lineage_sets/lineages/chlorophyta_odb10/hmms/2782at3041.hmm
# Target file:     /crex/proj/snic2022-23-81/expression_algae/code/busco/trinity_VA-3180-Osg12Mul/run_chlorophyta_odb10/metaeuk_output/initial_results/trinity_VA-3180-Osg12Mul.Trinity.fasta.modified.fas
# Option settings: hmmsearch --domtblout /crex/proj/snic2022-23-81/expression_algae/code/busco/trinity_VA-3180-Osg12Mul/run_chlorophyta_odb10/hmmer_output/initial_run_results/2782at3041.out --cpu 1 /sw/bioinfo/BUSCO/v5_lineage_sets/lineages/chlorophyta_odb10/hmms/2782at3041.hmm /crex/proj/snic2022-23-81/expression_algae/code/busco/trinity_VA-3180-Osg12Mul/run_chlorophyta_odb10/metaeuk_output/initial_results/trinity_VA-3180-Osg12Mul.Trinity.fasta.modified.fas 
# Current dir:     /crex/proj/snic2022-23-81/expression_algae/code/busco
# Date:            Fri Sep 23 10:12:10 2022
# [ok]
