#                                                                                        --- full sequence --- -------------- this domain -------------   hmm coord   ali coord   env coord
# target name                    accession   tlen query name           accession   qlen   E-value  score  bias   #  of  c-Evalue  i-Evalue  score  bias  from    to  from    to  from    to  acc description of target
#            ------------------- ---------- ----- -------------------- ---------- ----- --------- ------ ----- --- --- --------- --------- ------ ----- ----- ----- ----- ----- ----- ----- ---- ---------------------
TRINITY_DN15740_c0_g1_i1:70-528  -            153 6348at3041           -            136   1.3e-80  265.4   1.1   1   1   3.9e-83   1.5e-80  265.2   1.1     1   136     1   142     1   142 0.95 -
TRINITY_DN1106_c0_g1_i3:108-572  -            155 6348at3041           -            136   2.1e-10   38.1   2.3   1   2   2.9e-05     0.011   13.1   0.1    11    64    34    87    27    93 0.82 -
TRINITY_DN1106_c0_g1_i3:108-572  -            155 6348at3041           -            136   2.1e-10   38.1   2.3   2   2   6.5e-09   2.4e-06   24.9   0.5    94   136    96   138    87   138 0.88 -
TRINITY_DN1106_c0_g1_i2:144-629  -            162 6348at3041           -            136   2.4e-10   37.9   2.2   1   2   3.4e-05     0.013   12.9   0.1    11    64    41    94    34    98 0.82 -
TRINITY_DN1106_c0_g1_i2:144-629  -            162 6348at3041           -            136   2.4e-10   37.9   2.2   2   2   7.1e-09   2.7e-06   24.8   0.5    94   136   103   145    94   145 0.88 -
TRINITY_DN28153_c0_g1_i1:305-673 -            123 6348at3041           -            136   5.9e-09   33.4   3.2   1   2   5.1e-06    0.0019   15.5   0.1    12    63     4    56     1    67 0.84 -
TRINITY_DN28153_c0_g1_i1:305-673 -            123 6348at3041           -            136   5.9e-09   33.4   3.2   2   2     4e-07   0.00015   19.1   0.5    94   136    67   109    56   109 0.85 -
TRINITY_DN31247_c0_g1_i1:31-228  -             66 6348at3041           -            136   2.1e-05   21.9   0.3   1   1   6.1e-08   2.3e-05   21.8   0.3   104   136    20    52     2    52 0.78 -
TRINITY_DN29162_c0_g1_i1:116-337 -             74 6348at3041           -            136   4.6e-05   20.8   0.2   1   1   1.4e-07   5.2e-05   20.6   0.2   101   136    25    60     8    60 0.82 -
TRINITY_DN13971_c0_g1_i1:1-207   -             69 6348at3041           -            136   0.00016   19.0   0.4   1   1     5e-07   0.00019   18.8   0.4   101   136    20    55     2    55 0.78 -
#
# Program:         hmmsearch
# Version:         3.2.1 (June 2018)
# Pipeline mode:   SEARCH
# Query file:      /sw/bioinfo/BUSCO/v5_lineage_sets/lineages/chlorophyta_odb10/hmms/6348at3041.hmm
# Target file:     /crex/proj/snic2022-23-81/expression_algae/code/busco/trinity_VA-3180-Osg12Mul/run_chlorophyta_odb10/metaeuk_output/initial_results/trinity_VA-3180-Osg12Mul.Trinity.fasta.modified.fas
# Option settings: hmmsearch --domtblout /crex/proj/snic2022-23-81/expression_algae/code/busco/trinity_VA-3180-Osg12Mul/run_chlorophyta_odb10/hmmer_output/initial_run_results/6348at3041.out --cpu 1 /sw/bioinfo/BUSCO/v5_lineage_sets/lineages/chlorophyta_odb10/hmms/6348at3041.hmm /crex/proj/snic2022-23-81/expression_algae/code/busco/trinity_VA-3180-Osg12Mul/run_chlorophyta_odb10/metaeuk_output/initial_results/trinity_VA-3180-Osg12Mul.Trinity.fasta.modified.fas 
# Current dir:     /crex/proj/snic2022-23-81/expression_algae/code/busco
# Date:            Fri Sep 23 10:12:12 2022
# [ok]
