#                                                                                        --- full sequence --- -------------- this domain -------------   hmm coord   ali coord   env coord
# target name                    accession   tlen query name           accession   qlen   E-value  score  bias   #  of  c-Evalue  i-Evalue  score  bias  from    to  from    to  from    to  acc description of target
#            ------------------- ---------- ----- -------------------- ---------- ----- --------- ------ ----- --- --- --------- --------- ------ ----- ----- ----- ----- ----- ----- ----- ---- ---------------------
TRINITY_DN3237_c0_g1_i1:1-351    -            117 6562at3041           -            428   5.5e-09   32.7   2.6   1   1   1.2e-10   5.2e-08   29.5   2.6   294   396     8    97     4   102 0.80 -
TRINITY_DN3237_c0_g1_i2:1-444    -            117 6562at3041           -            428   5.5e-09   32.7   2.6   1   1   1.2e-10   5.2e-08   29.5   2.6   294   396     8    97     4   102 0.80 -
TRINITY_DN1423_c0_g1_i1:114-428  -            105 6562at3041           -            428   5.3e-08   29.4   4.0   1   1   3.4e-09   1.5e-06   24.7   4.0   286   396     4   101     1   104 0.86 -
TRINITY_DN943_c0_g1_i1:243-599   -            119 6562at3041           -            428   0.00018   17.8   0.0   1   2   1.7e-06   0.00073   15.8   0.0   188   246     8    64     4    70 0.83 -
TRINITY_DN943_c0_g1_i1:243-599   -            119 6562at3041           -            428   0.00018   17.8   0.0   2   2      0.11        50   -0.1   0.0   255   269   103   117    75   119 0.81 -
TRINITY_DN943_c0_g1_i2:111-485   -            125 6562at3041           -            428   0.00021   17.6   0.0   1   2   1.8e-06   0.00078   15.7   0.0   188   246    14    70     9    76 0.83 -
TRINITY_DN943_c0_g1_i2:111-485   -            125 6562at3041           -            428   0.00021   17.6   0.0   2   2      0.12        54   -0.2   0.0   255   269   109   123    81   125 0.81 -
TRINITY_DN35387_c0_g1_i1:264-611 -            116 6562at3041           -            428   0.00057   16.2   0.0   1   3    0.0032       1.4    5.0   0.0   212   244    32    65    28    67 0.80 -
TRINITY_DN35387_c0_g1_i1:264-611 -            116 6562at3041           -            428   0.00057   16.2   0.0   2   3   0.00012     0.054    9.7   0.0    63    93    63    93    61   101 0.91 -
TRINITY_DN35387_c0_g1_i1:264-611 -            116 6562at3041           -            428   0.00057   16.2   0.0   3   3     0.057        25    0.9   0.0   252   269    97   114    93   116 0.82 -
#
# Program:         hmmsearch
# Version:         3.2.1 (June 2018)
# Pipeline mode:   SEARCH
# Query file:      /sw/bioinfo/BUSCO/v5_lineage_sets/lineages/chlorophyta_odb10/hmms/6562at3041.hmm
# Target file:     /crex/proj/snic2022-23-81/expression_algae/code/busco/trinity_VA-3180-Osg12Mul/run_chlorophyta_odb10/metaeuk_output/initial_results/trinity_VA-3180-Osg12Mul.Trinity.fasta.modified.fas
# Option settings: hmmsearch --domtblout /crex/proj/snic2022-23-81/expression_algae/code/busco/trinity_VA-3180-Osg12Mul/run_chlorophyta_odb10/hmmer_output/initial_run_results/6562at3041.out --cpu 1 /sw/bioinfo/BUSCO/v5_lineage_sets/lineages/chlorophyta_odb10/hmms/6562at3041.hmm /crex/proj/snic2022-23-81/expression_algae/code/busco/trinity_VA-3180-Osg12Mul/run_chlorophyta_odb10/metaeuk_output/initial_results/trinity_VA-3180-Osg12Mul.Trinity.fasta.modified.fas 
# Current dir:     /crex/proj/snic2022-23-81/expression_algae/code/busco
# Date:            Fri Sep 23 10:12:12 2022
# [ok]
