#                                                                                        --- full sequence --- -------------- this domain -------------   hmm coord   ali coord   env coord
# target name                    accession   tlen query name           accession   qlen   E-value  score  bias   #  of  c-Evalue  i-Evalue  score  bias  from    to  from    to  from    to  acc description of target
#            ------------------- ---------- ----- -------------------- ---------- ----- --------- ------ ----- --- --- --------- --------- ------ ----- ----- ----- ----- ----- ----- ----- ---- ---------------------
TRINITY_DN10823_c0_g2_i1:41-550  -            170 6682at3041           -            218   4.5e-07   26.8   0.0   1   1   2.8e-09   6.1e-07   26.3   0.0    17    83    29    99    17   104 0.83 -
TRINITY_DN28787_c0_g1_i1:280-606 -            109 6682at3041           -            218   6.8e-07   26.2   0.0   1   1   3.2e-09     7e-07   26.1   0.0   125   208    17   107     2   109 0.67 -
TRINITY_DN22921_c0_g1_i1:436-756 -            107 6682at3041           -            218   1.7e-06   24.9   0.0   1   1   7.9e-09   1.7e-06   24.8   0.0   138   196    48   106    13   107 0.82 -
TRINITY_DN23256_c0_g1_i1:167-490 -            108 6682at3041           -            218     2e-06   24.6   0.0   1   1   1.3e-08   2.9e-06   24.1   0.0    20   199    15    94     5   107 0.54 -
TRINITY_DN4998_c0_g1_i1:147-371  -             75 6682at3041           -            218   3.6e-06   23.8   0.0   1   1   1.9e-08   4.1e-06   23.6   0.0    16    81     6    75     2    75 0.84 -
TRINITY_DN21669_c0_g1_i1:14-280  -             89 6682at3041           -            218     3e-05   20.8   0.0   1   1   1.7e-07   3.6e-05   20.5   0.0   139   198    11    73     6    85 0.83 -
TRINITY_DN38742_c0_g1_i1:435-749 -            105 6682at3041           -            218    0.0001   19.0   0.0   1   1   6.2e-07   0.00014   18.6   0.0   139   202    34    99     2   105 0.84 -
TRINITY_DN10061_c0_g1_i3:5-268   -             88 6682at3041           -            218   0.00013   18.7   0.0   1   1   6.4e-07   0.00014   18.6   0.0    37    93    15    76     1    81 0.77 -
TRINITY_DN4435_c0_g1_i1:29-472   -            148 6682at3041           -            218   0.00016   18.4   0.0   1   1   1.2e-06   0.00027   17.7   0.0   117   209     9   112     5   118 0.82 -
TRINITY_DN27618_c0_g1_i1:155-436 -             94 6682at3041           -            218    0.0011   15.7   0.0   1   1   5.1e-06    0.0011   15.7   0.0   139   203    18    85     3    92 0.84 -
TRINITY_DN1812_c0_g1_i3:423-725  -            101 6682at3041           -            218    0.0023   14.6   0.0   1   1   1.1e-05    0.0024   14.6   0.0   168   202    60    94     4   100 0.84 -
TRINITY_DN6984_c0_g1_i1:124-315  -             64 6682at3041           -            218    0.0085   12.8   0.0   1   1   4.3e-05    0.0093   12.6   0.0   139   184    16    63     9    64 0.85 -
#
# Program:         hmmsearch
# Version:         3.2.1 (June 2018)
# Pipeline mode:   SEARCH
# Query file:      /sw/bioinfo/BUSCO/v5_lineage_sets/lineages/chlorophyta_odb10/hmms/6682at3041.hmm
# Target file:     /crex/proj/snic2022-23-81/expression_algae/code/busco/trinity_VA-3180-Osg12Mul/run_chlorophyta_odb10/metaeuk_output/initial_results/trinity_VA-3180-Osg12Mul.Trinity.fasta.modified.fas
# Option settings: hmmsearch --domtblout /crex/proj/snic2022-23-81/expression_algae/code/busco/trinity_VA-3180-Osg12Mul/run_chlorophyta_odb10/hmmer_output/initial_run_results/6682at3041.out --cpu 1 /sw/bioinfo/BUSCO/v5_lineage_sets/lineages/chlorophyta_odb10/hmms/6682at3041.hmm /crex/proj/snic2022-23-81/expression_algae/code/busco/trinity_VA-3180-Osg12Mul/run_chlorophyta_odb10/metaeuk_output/initial_results/trinity_VA-3180-Osg12Mul.Trinity.fasta.modified.fas 
# Current dir:     /crex/proj/snic2022-23-81/expression_algae/code/busco
# Date:            Fri Sep 23 10:12:12 2022
# [ok]
