#                                                                                         --- full sequence --- -------------- this domain -------------   hmm coord   ali coord   env coord
# target name                     accession   tlen query name           accession   qlen   E-value  score  bias   #  of  c-Evalue  i-Evalue  score  bias  from    to  from    to  from    to  acc description of target
#             ------------------- ---------- ----- -------------------- ---------- ----- --------- ------ ----- --- --- --------- --------- ------ ----- ----- ----- ----- ----- ----- ----- ---- ---------------------
TRINITY_DN3604_c0_g1_i17:320-2727 -            440 72at3041             -           1030   2.6e-21   72.2   0.6   1   3   1.1e-09   4.9e-07   25.0   0.0   553   629    71   145    55   157 0.84 -
TRINITY_DN3604_c0_g1_i17:320-2727 -            440 72at3041             -           1030   2.6e-21   72.2   0.6   2   3   3.8e-07   0.00017   16.6   0.0   773   873   242   330   215   346 0.71 -
TRINITY_DN3604_c0_g1_i17:320-2727 -            440 72at3041             -           1030   2.6e-21   72.2   0.6   3   3   1.9e-10   8.4e-08   27.5   0.1   952  1009   367   427   355   439 0.84 -
TRINITY_DN3604_c0_g1_i19:320-2598 -            429 72at3041             -           1030   3.6e-21   71.8   0.8   1   3   1.1e-09   4.7e-07   25.1   0.0   553   629    71   145    55   157 0.84 -
TRINITY_DN3604_c0_g1_i19:320-2598 -            429 72at3041             -           1030   3.6e-21   71.8   0.8   2   3   4.7e-07   0.00021   16.3   0.0   773   867   242   324   218   354 0.71 -
TRINITY_DN3604_c0_g1_i19:320-2598 -            429 72at3041             -           1030   3.6e-21   71.8   0.8   3   3   1.8e-10     8e-08   27.6   0.1   952  1009   356   416   343   428 0.84 -
TRINITY_DN3604_c0_g1_i13:320-1666 -            449 72at3041             -           1030     9e-20   67.1   0.3   1   3     0.094        41   -1.2   0.0   593   628     2    36     1    44 0.87 -
TRINITY_DN3604_c0_g1_i13:320-1666 -            449 72at3041             -           1030     9e-20   67.1   0.3   2   3   6.5e-07   0.00028   15.8   0.0   773   861   134   213   107   235 0.72 -
TRINITY_DN3604_c0_g1_i13:320-1666 -            449 72at3041             -           1030     9e-20   67.1   0.3   3   3     1e-16   4.4e-14   48.3   0.0   899  1009   329   436   317   448 0.88 -
TRINITY_DN21360_c0_g1_i1:455-1750 -            432 72at3041             -           1030     0.025    9.4   0.0   1   1   8.7e-05     0.038    8.8   0.0   565   591    38    64    20    88 0.86 -
TRINITY_DN21360_c0_g1_i2:525-1820 -            432 72at3041             -           1030     0.025    9.4   0.0   1   1   8.7e-05     0.038    8.8   0.0   565   591    38    64    20    88 0.86 -
TRINITY_DN1152_c0_g1_i1:277-1155  -            293 72at3041             -           1030     0.031    9.1   0.0   1   1   9.3e-05     0.041    8.7   0.0   917   942    81   106    73   124 0.86 -
#
# Program:         hmmsearch
# Version:         3.2.1 (June 2018)
# Pipeline mode:   SEARCH
# Query file:      /sw/bioinfo/BUSCO/v5_lineage_sets/lineages/chlorophyta_odb10/hmms/72at3041.hmm
# Target file:     /crex/proj/snic2022-23-81/expression_algae/code/busco/trinity_VA-3180-Osg12Mul/run_chlorophyta_odb10/metaeuk_output/initial_results/trinity_VA-3180-Osg12Mul.Trinity.fasta.modified.fas
# Option settings: hmmsearch --domtblout /crex/proj/snic2022-23-81/expression_algae/code/busco/trinity_VA-3180-Osg12Mul/run_chlorophyta_odb10/hmmer_output/initial_run_results/72at3041.out --cpu 1 /sw/bioinfo/BUSCO/v5_lineage_sets/lineages/chlorophyta_odb10/hmms/72at3041.hmm /crex/proj/snic2022-23-81/expression_algae/code/busco/trinity_VA-3180-Osg12Mul/run_chlorophyta_odb10/metaeuk_output/initial_results/trinity_VA-3180-Osg12Mul.Trinity.fasta.modified.fas 
# Current dir:     /crex/proj/snic2022-23-81/expression_algae/code/busco
# Date:            Fri Sep 23 10:12:13 2022
# [ok]
