#                                                                                        --- full sequence --- -------------- this domain -------------   hmm coord   ali coord   env coord
# target name                    accession   tlen query name           accession   qlen   E-value  score  bias   #  of  c-Evalue  i-Evalue  score  bias  from    to  from    to  from    to  acc description of target
#            ------------------- ---------- ----- -------------------- ---------- ----- --------- ------ ----- --- --- --------- --------- ------ ----- ----- ----- ----- ----- ----- ----- ---- ---------------------
TRINITY_DN22878_c0_g1_i1:8-454   -            149 7686at3041           -            166   9.8e-74  244.0   3.6   1   1     4e-76   1.1e-73  244.0   3.6    27   159     1   136     1   147 0.95 -
TRINITY_DN42352_c0_g1_i1:1-339   -            113 7686at3041           -            166   1.8e-17   61.0   0.0   1   1   9.9e-20   2.6e-17   60.5   0.0    89   158     1    70     1    73 0.98 -
TRINITY_DN12688_c0_g1_i1:6-401   -            132 7686at3041           -            166     5e-14   49.8   3.1   1   1   2.3e-16   5.9e-14   49.6   3.1    18    95    49   130    34   132 0.81 -
TRINITY_DN11778_c0_g1_i2:1-681   -            227 7686at3041           -            166   5.6e-09   33.4   0.0   1   1   4.4e-11   1.2e-08   32.4   0.0    25   155    43   171    20   175 0.76 -
TRINITY_DN23256_c0_g1_i1:167-490 -            108 7686at3041           -            166   2.2e-07   28.2   0.0   1   1   9.7e-10   2.5e-07   28.0   0.0    67   141    14    90     3    98 0.85 -
TRINITY_DN3681_c0_g1_i1:122-361  -             80 7686at3041           -            166     1e-06   26.0   0.0   1   1   4.1e-09   1.1e-06   26.0   0.0    72   134    13    77     3    80 0.85 -
TRINITY_DN21669_c0_g1_i1:14-280  -             89 7686at3041           -            166   2.2e-06   24.9   0.0   1   1   9.9e-09   2.6e-06   24.7   0.0    76   136     3    65     1    73 0.86 -
TRINITY_DN10061_c0_g1_i3:5-268   -             88 7686at3041           -            166   9.6e-06   22.9   0.0   1   1   4.3e-08   1.1e-05   22.6   0.0    74   143     5    75     2    82 0.90 -
TRINITY_DN6984_c0_g1_i1:124-315  -             64 7686at3041           -            166   0.00078   16.7   0.0   1   1     3e-06   0.00078   16.7   0.0    74   126     6    59     1    64 0.85 -
TRINITY_DN27618_c0_g1_i1:155-436 -             94 7686at3041           -            166    0.0014   15.8   0.0   1   1   6.7e-06    0.0018   15.5   0.0    84   142    19    78     8    81 0.88 -
#
# Program:         hmmsearch
# Version:         3.2.1 (June 2018)
# Pipeline mode:   SEARCH
# Query file:      /sw/bioinfo/BUSCO/v5_lineage_sets/lineages/chlorophyta_odb10/hmms/7686at3041.hmm
# Target file:     /crex/proj/snic2022-23-81/expression_algae/code/busco/trinity_VA-3180-Osg12Mul/run_chlorophyta_odb10/metaeuk_output/initial_results/trinity_VA-3180-Osg12Mul.Trinity.fasta.modified.fas
# Option settings: hmmsearch --domtblout /crex/proj/snic2022-23-81/expression_algae/code/busco/trinity_VA-3180-Osg12Mul/run_chlorophyta_odb10/hmmer_output/initial_run_results/7686at3041.out --cpu 1 /sw/bioinfo/BUSCO/v5_lineage_sets/lineages/chlorophyta_odb10/hmms/7686at3041.hmm /crex/proj/snic2022-23-81/expression_algae/code/busco/trinity_VA-3180-Osg12Mul/run_chlorophyta_odb10/metaeuk_output/initial_results/trinity_VA-3180-Osg12Mul.Trinity.fasta.modified.fas 
# Current dir:     /crex/proj/snic2022-23-81/expression_algae/code/busco
# Date:            Fri Sep 23 10:12:13 2022
# [ok]
