#                                                                                        --- full sequence --- -------------- this domain -------------   hmm coord   ali coord   env coord
# target name                    accession   tlen query name           accession   qlen   E-value  score  bias   #  of  c-Evalue  i-Evalue  score  bias  from    to  from    to  from    to  acc description of target
#            ------------------- ---------- ----- -------------------- ---------- ----- --------- ------ ----- --- --- --------- --------- ------ ----- ----- ----- ----- ----- ----- ----- ---- ---------------------
TRINITY_DN1603_c0_g2_i1:63-431   -            123 8260at3041           -            210   1.2e-11   42.1   0.0   1   1   3.9e-14   1.4e-11   41.8   0.0     5   109     3   120     1   122 0.83 -
TRINITY_DN1603_c0_g2_i2:63-431   -            123 8260at3041           -            210   1.2e-11   42.1   0.0   1   1   3.9e-14   1.4e-11   41.8   0.0     5   109     3   120     1   122 0.83 -
TRINITY_DN4564_c0_g1_i3:210-1022 -            271 8260at3041           -            210   0.00024   18.2   0.0   1   2   6.8e-06    0.0026   14.8   0.0   142   206     4    79     1    82 0.68 -
TRINITY_DN4564_c0_g1_i3:210-1022 -            271 8260at3041           -            210   0.00024   18.2   0.0   2   2      0.15        55    0.7   0.0   174   208   218   252   206   254 0.85 -
TRINITY_DN2405_c0_g1_i1:231-728  -            166 8260at3041           -            210   0.00029   17.9   0.1   1   2     0.091        34    1.3   0.0   158   196    23    63    15    77 0.69 -
TRINITY_DN2405_c0_g1_i1:231-728  -            166 8260at3041           -            210   0.00029   17.9   0.1   2   2   8.5e-06    0.0032   14.5   0.0   130   201    78   158    72   163 0.75 -
TRINITY_DN2405_c0_g1_i2:231-728  -            166 8260at3041           -            210   0.00029   17.9   0.1   1   2     0.091        34    1.3   0.0   158   196    23    63    15    77 0.69 -
TRINITY_DN2405_c0_g1_i2:231-728  -            166 8260at3041           -            210   0.00029   17.9   0.1   2   2   8.5e-06    0.0032   14.5   0.0   130   201    78   158    72   163 0.75 -
TRINITY_DN800_c0_g1_i3:17-223    -             69 8260at3041           -            210     0.015   12.3   0.0   1   1   3.9e-05     0.015   12.3   0.0   157   198    18    58     1    68 0.78 -
TRINITY_DN800_c0_g1_i4:17-223    -             69 8260at3041           -            210     0.015   12.3   0.0   1   1   3.9e-05     0.015   12.3   0.0   157   198    18    58     1    68 0.78 -
#
# Program:         hmmsearch
# Version:         3.2.1 (June 2018)
# Pipeline mode:   SEARCH
# Query file:      /sw/bioinfo/BUSCO/v5_lineage_sets/lineages/chlorophyta_odb10/hmms/8260at3041.hmm
# Target file:     /crex/proj/snic2022-23-81/expression_algae/code/busco/trinity_VA-3180-Osg12Mul/run_chlorophyta_odb10/metaeuk_output/initial_results/trinity_VA-3180-Osg12Mul.Trinity.fasta.modified.fas
# Option settings: hmmsearch --domtblout /crex/proj/snic2022-23-81/expression_algae/code/busco/trinity_VA-3180-Osg12Mul/run_chlorophyta_odb10/hmmer_output/initial_run_results/8260at3041.out --cpu 1 /sw/bioinfo/BUSCO/v5_lineage_sets/lineages/chlorophyta_odb10/hmms/8260at3041.hmm /crex/proj/snic2022-23-81/expression_algae/code/busco/trinity_VA-3180-Osg12Mul/run_chlorophyta_odb10/metaeuk_output/initial_results/trinity_VA-3180-Osg12Mul.Trinity.fasta.modified.fas 
# Current dir:     /crex/proj/snic2022-23-81/expression_algae/code/busco
# Date:            Fri Sep 23 10:12:14 2022
# [ok]
