#                                                                                        --- full sequence --- -------------- this domain -------------   hmm coord   ali coord   env coord
# target name                    accession   tlen query name           accession   qlen   E-value  score  bias   #  of  c-Evalue  i-Evalue  score  bias  from    to  from    to  from    to  acc description of target
#            ------------------- ---------- ----- -------------------- ---------- ----- --------- ------ ----- --- --- --------- --------- ------ ----- ----- ----- ----- ----- ----- ----- ---- ---------------------
TRINITY_DN5626_c0_g1_i1:116-784  -            223 8720at3041           -            179   1.3e-69  230.8  13.0   1   2   5.3e-29   2.3e-26   89.9   0.6     1    76     3    93     3   103 0.82 -
TRINITY_DN5626_c0_g1_i1:116-784  -            223 8720at3041           -            179   1.3e-69  230.8  13.0   2   2     6e-46   2.6e-43  145.1   5.9    73   179   115   222   112   222 0.96 -
TRINITY_DN22369_c0_g1_i1:4-405   -            134 8720at3041           -            179   5.2e-18   62.7   2.6   1   1   1.5e-20   6.4e-18   62.4   2.6    88   177    36   126    22   129 0.88 -
TRINITY_DN3934_c0_g2_i1:562-1371 -            270 8720at3041           -            179   4.6e-13   46.6   0.5   1   2      0.51   2.2e+02   -1.2   0.1    36    62    40    68    21   115 0.63 -
TRINITY_DN3934_c0_g2_i1:562-1371 -            270 8720at3041           -            179   4.6e-13   46.6   0.5   2   2   1.1e-15   4.6e-13   46.6   0.5    91   173   178   261   160   267 0.88 -
TRINITY_DN744_c1_g2_i2:53-979    -            309 8720at3041           -            179   0.00011   19.3   8.9   1   2       0.2        87    0.1   0.4   127   149   109   131    69   156 0.68 -
TRINITY_DN744_c1_g2_i2:53-979    -            309 8720at3041           -            179   0.00011   19.3   8.9   2   2   2.5e-07   0.00011   19.3   8.9    91   178   217   305   205   307 0.75 -
TRINITY_DN3934_c0_g1_i1:2-649    -            216 8720at3041           -            179   0.00083   16.5   0.4   1   2      0.57   2.5e+02   -1.4   0.2    34    34    61    61    31   114 0.58 -
TRINITY_DN3934_c0_g1_i1:2-649    -            216 8720at3041           -            179   0.00083   16.5   0.4   2   2   1.9e-06   0.00083   16.5   0.4    90   129   176   216   158   216 0.85 -
TRINITY_DN2023_c0_g1_i3:18-335   -            106 8720at3041           -            179     0.001   16.2   1.3   1   1   2.6e-06    0.0012   16.0   1.3    88   176    11   102     3   106 0.74 -
#
# Program:         hmmsearch
# Version:         3.2.1 (June 2018)
# Pipeline mode:   SEARCH
# Query file:      /sw/bioinfo/BUSCO/v5_lineage_sets/lineages/chlorophyta_odb10/hmms/8720at3041.hmm
# Target file:     /crex/proj/snic2022-23-81/expression_algae/code/busco/trinity_VA-3180-Osg12Mul/run_chlorophyta_odb10/metaeuk_output/initial_results/trinity_VA-3180-Osg12Mul.Trinity.fasta.modified.fas
# Option settings: hmmsearch --domtblout /crex/proj/snic2022-23-81/expression_algae/code/busco/trinity_VA-3180-Osg12Mul/run_chlorophyta_odb10/hmmer_output/initial_run_results/8720at3041.out --cpu 1 /sw/bioinfo/BUSCO/v5_lineage_sets/lineages/chlorophyta_odb10/hmms/8720at3041.hmm /crex/proj/snic2022-23-81/expression_algae/code/busco/trinity_VA-3180-Osg12Mul/run_chlorophyta_odb10/metaeuk_output/initial_results/trinity_VA-3180-Osg12Mul.Trinity.fasta.modified.fas 
# Current dir:     /crex/proj/snic2022-23-81/expression_algae/code/busco
# Date:            Fri Sep 23 10:12:13 2022
# [ok]
