#                                                                                         --- full sequence --- -------------- this domain -------------   hmm coord   ali coord   env coord
# target name                     accession   tlen query name           accession   qlen   E-value  score  bias   #  of  c-Evalue  i-Evalue  score  bias  from    to  from    to  from    to  acc description of target
#             ------------------- ---------- ----- -------------------- ---------- ----- --------- ------ ----- --- --- --------- --------- ------ ----- ----- ----- ----- ----- ----- ----- ---- ---------------------
TRINITY_DN43213_c0_g1_i1:3-257    -             85 8793at3041           -            170   3.2e-24   82.5   0.5   1   2   3.9e-24   1.3e-21   74.1   0.1   112   158     1    47     1    58 0.95 -
TRINITY_DN43213_c0_g1_i1:3-257    -             85 8793at3041           -            170   3.2e-24   82.5   0.5   2   2     0.001      0.34    7.6   0.0   156   170    67    81    49    81 0.85 -
TRINITY_DN18480_c0_g1_i1:0-932    -            311 8793at3041           -            170   7.9e-07   25.9   0.1   1   2   9.2e-09     3e-06   24.0   0.1    23    74   150   201   137   212 0.88 -
TRINITY_DN18480_c0_g1_i1:0-932    -            311 8793at3041           -            170   7.9e-07   25.9   0.1   2   2      0.68   2.2e+02   -1.6   0.0    79    98   223   242   215   275 0.70 -
TRINITY_DN1069_c0_g1_i1:1351-1782 -            144 8793at3041           -            170   7.3e-05   19.5   0.1   1   1     3e-07   9.8e-05   19.1   0.1    37    70     1    35     1    53 0.76 -
TRINITY_DN280_c0_g1_i2:387-794    -            136 8793at3041           -            170   0.00014   18.6   0.1   1   1   5.4e-07   0.00018   18.3   0.1    33    74    38    83    15    93 0.77 -
TRINITY_DN280_c0_g1_i3:900-1307   -            136 8793at3041           -            170   0.00014   18.6   0.1   1   1   5.4e-07   0.00018   18.3   0.1    33    74    38    83    15    93 0.77 -
TRINITY_DN280_c0_g1_i4:957-1364   -            136 8793at3041           -            170   0.00014   18.6   0.1   1   1   5.4e-07   0.00018   18.3   0.1    33    74    38    83    15    93 0.77 -
TRINITY_DN5449_c0_g1_i1:0-578     -            193 8793at3041           -            170    0.0013   15.5   0.1   1   1   5.9e-06    0.0019   14.9   0.1    37    67    57    87    24   102 0.86 -
TRINITY_DN5449_c0_g1_i2:0-578     -            193 8793at3041           -            170    0.0013   15.5   0.1   1   1   5.9e-06    0.0019   14.9   0.1    37    67    57    87    24   102 0.86 -
#
# Program:         hmmsearch
# Version:         3.2.1 (June 2018)
# Pipeline mode:   SEARCH
# Query file:      /sw/bioinfo/BUSCO/v5_lineage_sets/lineages/chlorophyta_odb10/hmms/8793at3041.hmm
# Target file:     /crex/proj/snic2022-23-81/expression_algae/code/busco/trinity_VA-3180-Osg12Mul/run_chlorophyta_odb10/metaeuk_output/initial_results/trinity_VA-3180-Osg12Mul.Trinity.fasta.modified.fas
# Option settings: hmmsearch --domtblout /crex/proj/snic2022-23-81/expression_algae/code/busco/trinity_VA-3180-Osg12Mul/run_chlorophyta_odb10/hmmer_output/initial_run_results/8793at3041.out --cpu 1 /sw/bioinfo/BUSCO/v5_lineage_sets/lineages/chlorophyta_odb10/hmms/8793at3041.hmm /crex/proj/snic2022-23-81/expression_algae/code/busco/trinity_VA-3180-Osg12Mul/run_chlorophyta_odb10/metaeuk_output/initial_results/trinity_VA-3180-Osg12Mul.Trinity.fasta.modified.fas 
# Current dir:     /crex/proj/snic2022-23-81/expression_algae/code/busco
# Date:            Fri Sep 23 10:12:14 2022
# [ok]
