#                                                                                        --- full sequence --- -------------- this domain -------------   hmm coord   ali coord   env coord
# target name                    accession   tlen query name           accession   qlen   E-value  score  bias   #  of  c-Evalue  i-Evalue  score  bias  from    to  from    to  from    to  acc description of target
#            ------------------- ---------- ----- -------------------- ---------- ----- --------- ------ ----- --- --- --------- --------- ------ ----- ----- ----- ----- ----- ----- ----- ---- ---------------------
TRINITY_DN17820_c0_g1_i1:217-786 -            190 8862at3041           -            197   2.8e-50  168.2   8.4   1   1   1.4e-52   5.3e-50  167.3   8.4     1   115    60   186    60   189 0.93 -
TRINITY_DN744_c1_g2_i2:53-979    -            309 8862at3041           -            197   1.7e-12   44.9  13.5   1   2   1.1e-05    0.0042   14.2   2.8     5   110    68   178    65   193 0.84 -
TRINITY_DN744_c1_g2_i2:53-979    -            309 8862at3041           -            197   1.7e-12   44.9  13.5   2   2   1.9e-12   7.2e-10   36.3   3.1   109   196   217   304   205   307 0.80 -
TRINITY_DN2023_c0_g1_i3:18-335   -            106 8862at3041           -            197   2.8e-09   34.4   0.7   1   1     8e-12     3e-09   34.3   0.7   101   194     6   102     1   105 0.84 -
TRINITY_DN12684_c0_g1_i2:0-755   -            252 8862at3041           -            197   2.8e-07   27.8  11.5   1   2   8.1e-06    0.0031   14.7   6.3    13   105    65   160    54   205 0.77 -
TRINITY_DN12684_c0_g1_i2:0-755   -            252 8862at3041           -            197   2.8e-07   27.8  11.5   2   2   2.3e-06   0.00088   16.4   0.3   109   146   210   247   185   252 0.85 -
TRINITY_DN12684_c0_g1_i1:0-725   -            242 8862at3041           -            197   2.9e-05   21.3  10.2   1   2   0.00095      0.36    7.9   5.0    14   104    58   149    47   186 0.82 -
TRINITY_DN12684_c0_g1_i1:0-725   -            242 8862at3041           -            197   2.9e-05   21.3  10.2   2   2   2.3e-06   0.00088   16.4   0.3   109   146   200   237   178   242 0.85 -
TRINITY_DN5626_c0_g1_i1:116-784  -            223 8862at3041           -            197   5.2e-05   20.4   1.2   1   2      0.72   2.7e+02   -1.5   0.0    28    28    31    31     8    72 0.45 -
TRINITY_DN5626_c0_g1_i1:116-784  -            223 8862at3041           -            197   5.2e-05   20.4   1.2   2   2   1.4e-07   5.2e-05   20.4   1.2   106   195   130   220   112   222 0.89 -
TRINITY_DN3934_c0_g2_i1:562-1371 -            270 8862at3041           -            197    0.0059   13.7   0.9   1   2      0.95   3.6e+02   -1.9   0.1    12    12    81    81    23   116 0.59 -
TRINITY_DN3934_c0_g2_i1:562-1371 -            270 8862at3041           -            197    0.0059   13.7   0.9   2   2   2.4e-05     0.009   13.1   0.1   112   190   181   259   162   266 0.88 -
#
# Program:         hmmsearch
# Version:         3.2.1 (June 2018)
# Pipeline mode:   SEARCH
# Query file:      /sw/bioinfo/BUSCO/v5_lineage_sets/lineages/chlorophyta_odb10/hmms/8862at3041.hmm
# Target file:     /crex/proj/snic2022-23-81/expression_algae/code/busco/trinity_VA-3180-Osg12Mul/run_chlorophyta_odb10/metaeuk_output/initial_results/trinity_VA-3180-Osg12Mul.Trinity.fasta.modified.fas
# Option settings: hmmsearch --domtblout /crex/proj/snic2022-23-81/expression_algae/code/busco/trinity_VA-3180-Osg12Mul/run_chlorophyta_odb10/hmmer_output/initial_run_results/8862at3041.out --cpu 1 /sw/bioinfo/BUSCO/v5_lineage_sets/lineages/chlorophyta_odb10/hmms/8862at3041.hmm /crex/proj/snic2022-23-81/expression_algae/code/busco/trinity_VA-3180-Osg12Mul/run_chlorophyta_odb10/metaeuk_output/initial_results/trinity_VA-3180-Osg12Mul.Trinity.fasta.modified.fas 
# Current dir:     /crex/proj/snic2022-23-81/expression_algae/code/busco
# Date:            Fri Sep 23 10:12:13 2022
# [ok]
