#                                                                                         --- full sequence --- -------------- this domain -------------   hmm coord   ali coord   env coord
# target name                     accession   tlen query name           accession   qlen   E-value  score  bias   #  of  c-Evalue  i-Evalue  score  bias  from    to  from    to  from    to  acc description of target
#             ------------------- ---------- ----- -------------------- ---------- ----- --------- ------ ----- --- --- --------- --------- ------ ----- ----- ----- ----- ----- ----- ----- ---- ---------------------
TRINITY_DN20914_c0_g1_i1:7-459    -            151 10545at3041          -            104   8.3e-27   90.4   0.9   1   1   1.2e-28   2.9e-26   88.7   0.9    31   104     1    87     1    87 0.89 -
TRINITY_DN14499_c0_g1_i1:67-468   -            134 10545at3041          -            104     4e-26   88.3   0.2   1   1   3.8e-28   9.1e-26   87.1   0.2     4   103    11   127     8   128 0.87 -
TRINITY_DN6380_c0_g1_i1:31-420    -            130 10545at3041          -            104   2.6e-24   82.4   0.1   1   1   3.4e-26   8.4e-24   80.8   0.1     5   103     6   121     2   122 0.84 -
TRINITY_DN7425_c0_g1_i1:86-496    -            137 10545at3041          -            104   1.7e-21   73.4   0.1   1   1   1.9e-23   4.7e-21   72.0   0.1     5   103    12   127     8   128 0.85 -
TRINITY_DN7425_c0_g1_i2:86-496    -            137 10545at3041          -            104   2.6e-21   72.8   0.1   1   1     3e-23   7.2e-21   71.4   0.1     5   103    12   127     8   128 0.85 -
TRINITY_DN25933_c0_g1_i1:702-1382 -            227 10545at3041          -            104   2.4e-17   60.0   0.3   1   1     4e-19   9.6e-17   58.1   0.3     2   103    76   195    75   196 0.83 -
TRINITY_DN38670_c0_g1_i1:3-281    -             93 10545at3041          -            104   3.8e-14   49.8   0.2   1   1   3.2e-16   7.9e-14   48.7   0.2     3    66    15    92    13    93 0.84 -
TRINITY_DN10183_c0_g1_i1:0-182    -             61 10545at3041          -            104     2e-10   37.8   0.1   1   1   9.8e-13   2.4e-10   37.6   0.1     6    51     1    51     1    56 0.89 -
TRINITY_DN2239_c0_g1_i1:66-620    -            185 10545at3041          -            104   0.00013   19.1   0.1   1   1   4.3e-06     0.001   16.2   0.1     6   104     6   110     2   110 0.69 -
TRINITY_DN2239_c0_g1_i2:66-620    -            185 10545at3041          -            104   0.00015   18.9   0.1   1   1   4.7e-06    0.0011   16.1   0.1     6   104     6   110     2   110 0.69 -
#
# Program:         hmmsearch
# Version:         3.2.1 (June 2018)
# Pipeline mode:   SEARCH
# Query file:      /sw/bioinfo/BUSCO/v5_lineage_sets/lineages/chlorophyta_odb10/hmms/10545at3041.hmm
# Target file:     /crex/proj/snic2022-23-81/expression_algae/code/busco/trinity_VA-3180-Osg11Sin/run_chlorophyta_odb10/metaeuk_output/initial_results/trinity_VA-3180-Osg11Sin.Trinity.fasta.modified.fas
# Option settings: hmmsearch --domtblout /crex/proj/snic2022-23-81/expression_algae/code/busco/trinity_VA-3180-Osg11Sin/run_chlorophyta_odb10/hmmer_output/initial_run_results/10545at3041.out --cpu 1 /sw/bioinfo/BUSCO/v5_lineage_sets/lineages/chlorophyta_odb10/hmms/10545at3041.hmm /crex/proj/snic2022-23-81/expression_algae/code/busco/trinity_VA-3180-Osg11Sin/run_chlorophyta_odb10/metaeuk_output/initial_results/trinity_VA-3180-Osg11Sin.Trinity.fasta.modified.fas 
# Current dir:     /crex/proj/snic2022-23-81/expression_algae/code/busco
# Date:            Fri Sep 23 10:12:00 2022
# [ok]
