#                                                                                        --- full sequence --- -------------- this domain -------------   hmm coord   ali coord   env coord
# target name                    accession   tlen query name           accession   qlen   E-value  score  bias   #  of  c-Evalue  i-Evalue  score  bias  from    to  from    to  from    to  acc description of target
#            ------------------- ---------- ----- -------------------- ---------- ----- --------- ------ ----- --- --- --------- --------- ------ ----- ----- ----- ----- ----- ----- ----- ---- ---------------------
TRINITY_DN22623_c0_g1_i1:8-274   -             89 10566at3041          -             67   4.4e-39  129.5   2.1   1   1   2.6e-41     8e-39  128.7   2.1     2    67     6    84     5    84 0.92 -
TRINITY_DN472_c0_g1_i1:7-333     -            109 10566at3041          -             67   7.8e-07   26.2   0.1   1   2   4.9e-07   0.00015   18.9   0.0    30    53    27    50     7    53 0.81 -
TRINITY_DN472_c0_g1_i1:7-333     -            109 10566at3041          -             67   7.8e-07   26.2   0.1   2   2    0.0087       2.6    5.3   0.1    47    64    61    78    58    81 0.87 -
TRINITY_DN33144_c0_g1_i1:481-690 -             70 10566at3041          -             67   1.2e-06   25.6   0.1   1   1   4.9e-09   1.5e-06   25.3   0.1    16    65     4    58     2    60 0.72 -
TRINITY_DN472_c0_g1_i2:7-417     -            137 10566at3041          -             67   1.3e-06   25.5   0.0   1   2   7.6e-07   0.00023   18.3   0.0    30    53    27    50     7    53 0.82 -
TRINITY_DN472_c0_g1_i2:7-417     -            137 10566at3041          -             67   1.3e-06   25.5   0.0   2   2      0.01       3.2    5.0   0.0    41    64    83   106    79   109 0.82 -
TRINITY_DN36640_c0_g1_i1:147-362 -             72 10566at3041          -             67   1.3e-05   22.3   1.2   1   1   2.1e-07   6.4e-05   20.1   1.2    30    64    24    67     2    70 0.62 -
TRINITY_DN42470_c0_g1_i1:406-627 -             74 10566at3041          -             67    0.0041   14.3   0.1   1   1   1.7e-05    0.0053   13.9   0.1    28    66    21    65     4    66 0.74 -
TRINITY_DN117_c0_g1_i3:293-604   -            104 10566at3041          -             67     0.016   12.4   0.3   1   2   0.00014     0.041   11.1   0.0    30    50    30    50    12    53 0.87 -
TRINITY_DN117_c0_g1_i3:293-604   -            104 10566at3041          -             67     0.016   12.4   0.3   2   2      0.87   2.7e+02   -1.1   0.1    48    66    62    80    59    81 0.80 -
TRINITY_DN117_c0_g1_i5:226-537   -            104 10566at3041          -             67     0.016   12.4   0.3   1   2   0.00014     0.041   11.1   0.0    30    50    30    50    12    53 0.87 -
TRINITY_DN117_c0_g1_i5:226-537   -            104 10566at3041          -             67     0.016   12.4   0.3   2   2      0.87   2.7e+02   -1.1   0.1    48    66    62    80    59    81 0.80 -
#
# Program:         hmmsearch
# Version:         3.2.1 (June 2018)
# Pipeline mode:   SEARCH
# Query file:      /sw/bioinfo/BUSCO/v5_lineage_sets/lineages/chlorophyta_odb10/hmms/10566at3041.hmm
# Target file:     /crex/proj/snic2022-23-81/expression_algae/code/busco/trinity_VA-3180-Osg11Sin/run_chlorophyta_odb10/metaeuk_output/initial_results/trinity_VA-3180-Osg11Sin.Trinity.fasta.modified.fas
# Option settings: hmmsearch --domtblout /crex/proj/snic2022-23-81/expression_algae/code/busco/trinity_VA-3180-Osg11Sin/run_chlorophyta_odb10/hmmer_output/initial_run_results/10566at3041.out --cpu 1 /sw/bioinfo/BUSCO/v5_lineage_sets/lineages/chlorophyta_odb10/hmms/10566at3041.hmm /crex/proj/snic2022-23-81/expression_algae/code/busco/trinity_VA-3180-Osg11Sin/run_chlorophyta_odb10/metaeuk_output/initial_results/trinity_VA-3180-Osg11Sin.Trinity.fasta.modified.fas 
# Current dir:     /crex/proj/snic2022-23-81/expression_algae/code/busco
# Date:            Fri Sep 23 10:12:00 2022
# [ok]
