#                                                                                        --- full sequence --- -------------- this domain -------------   hmm coord   ali coord   env coord
# target name                    accession   tlen query name           accession   qlen   E-value  score  bias   #  of  c-Evalue  i-Evalue  score  bias  from    to  from    to  from    to  acc description of target
#            ------------------- ---------- ----- -------------------- ---------- ----- --------- ------ ----- --- --- --------- --------- ------ ----- ----- ----- ----- ----- ----- ----- ---- ---------------------
TRINITY_DN10750_c0_g2_i2:46-912  -            289 2851at3041           -            257  2.1e-156  516.1   1.7   1   1  2.5e-158  6.9e-156  514.5   1.7     1   257     1   289     1   289 0.94 -
TRINITY_DN38090_c0_g1_i1:0-467   -            156 2851at3041           -            257   4.3e-24   82.5   0.0   1   1   2.7e-26   7.2e-24   81.8   0.0    72   147    13    89     2   149 0.71 -
TRINITY_DN41875_c0_g1_i1:69-1046 -            326 2851at3041           -            257   1.7e-11   41.2   0.0   1   2   1.5e-13   3.9e-11   40.1   0.0     9   153    10   153     5   167 0.86 -
TRINITY_DN41875_c0_g1_i1:69-1046 -            326 2851at3041           -            257   1.7e-11   41.2   0.0   2   2         2   5.5e+02   -3.0   0.0    64    85   222   245   215   255 0.57 -
TRINITY_DN280_c0_g1_i6:81-863    -            261 2851at3041           -            257    0.0002   18.1   0.1   1   1     1e-06   0.00028   17.6   0.1    32   126    38   126    27   152 0.79 -
TRINITY_DN280_c0_g1_i1:1021-1975 -            291 2851at3041           -            257   0.00024   17.8   0.1   1   1   1.3e-06   0.00035   17.3   0.1    32   126    38   126    28   151 0.79 -
TRINITY_DN280_c0_g1_i2:1021-1893 -            291 2851at3041           -            257   0.00024   17.8   0.1   1   1   1.3e-06   0.00035   17.3   0.1    32   126    38   126    28   151 0.79 -
TRINITY_DN280_c0_g1_i3:458-1330  -            291 2851at3041           -            257   0.00024   17.8   0.1   1   1   1.3e-06   0.00035   17.3   0.1    32   126    38   126    28   151 0.79 -
TRINITY_DN123_c0_g1_i1:171-977   -            269 2851at3041           -            257    0.0052   13.5   0.0   1   2    0.0011      0.29    7.7   0.0    94   149    27    88    23   105 0.73 -
TRINITY_DN123_c0_g1_i1:171-977   -            269 2851at3041           -            257    0.0052   13.5   0.0   2   2     0.019       5.1    3.7   0.0   115   169   190   243   180   249 0.71 -
TRINITY_DN123_c0_g1_i3:192-1451  -            420 2851at3041           -            257     0.019   11.7   0.0   1   2    0.0023      0.61    6.7   0.0    94   149   176   237   172   252 0.73 -
TRINITY_DN123_c0_g1_i3:192-1451  -            420 2851at3041           -            257     0.019   11.7   0.0   2   2     0.037        10    2.7   0.0   115   169   339   392   329   398 0.71 -
#
# Program:         hmmsearch
# Version:         3.2.1 (June 2018)
# Pipeline mode:   SEARCH
# Query file:      /sw/bioinfo/BUSCO/v5_lineage_sets/lineages/chlorophyta_odb10/hmms/2851at3041.hmm
# Target file:     /crex/proj/snic2022-23-81/expression_algae/code/busco/trinity_VA-3180-Osg11Sin/run_chlorophyta_odb10/metaeuk_output/initial_results/trinity_VA-3180-Osg11Sin.Trinity.fasta.modified.fas
# Option settings: hmmsearch --domtblout /crex/proj/snic2022-23-81/expression_algae/code/busco/trinity_VA-3180-Osg11Sin/run_chlorophyta_odb10/hmmer_output/initial_run_results/2851at3041.out --cpu 1 /sw/bioinfo/BUSCO/v5_lineage_sets/lineages/chlorophyta_odb10/hmms/2851at3041.hmm /crex/proj/snic2022-23-81/expression_algae/code/busco/trinity_VA-3180-Osg11Sin/run_chlorophyta_odb10/metaeuk_output/initial_results/trinity_VA-3180-Osg11Sin.Trinity.fasta.modified.fas 
# Current dir:     /crex/proj/snic2022-23-81/expression_algae/code/busco
# Date:            Fri Sep 23 10:12:02 2022
# [ok]
