#                                                                                        --- full sequence --- -------------- this domain -------------   hmm coord   ali coord   env coord
# target name                    accession   tlen query name           accession   qlen   E-value  score  bias   #  of  c-Evalue  i-Evalue  score  bias  from    to  from    to  from    to  acc description of target
#            ------------------- ---------- ----- -------------------- ---------- ----- --------- ------ ----- --- --- --------- --------- ------ ----- ----- ----- ----- ----- ----- ----- ---- ---------------------
TRINITY_DN4206_c0_g1_i1:79-477   -            133 417at3041            -            712   2.9e-50  168.4   0.1   1   1   6.9e-53   3.4e-50  168.2   0.1     3   124     1   132     1   133 0.92 -
TRINITY_DN719_c0_g1_i2:0-2489    -            830 417at3041            -            712   5.3e-25   84.9   9.2   1   2   3.4e-24   1.6e-21   73.4   5.8    21   383    15   430     2   436 0.69 -
TRINITY_DN719_c0_g1_i2:0-2489    -            830 417at3041            -            712   5.3e-25   84.9   9.2   2   2    0.0014      0.67    5.3   0.0   314   368   650   706   635   719 0.82 -
TRINITY_DN2439_c0_g2_i3:2-2493   -            757 417at3041            -            712     9e-09   31.3   2.5   1   4   0.00024      0.12    7.8   0.0   300   342    71   114    57   121 0.81 -
TRINITY_DN2439_c0_g2_i3:2-2493   -            757 417at3041            -            712     9e-09   31.3   2.5   2   4    0.0019      0.93    4.8   0.2   530   599   168   237   145   290 0.82 -
TRINITY_DN2439_c0_g2_i3:2-2493   -            757 417at3041            -            712     9e-09   31.3   2.5   3   4      0.29   1.4e+02   -2.4   0.0   615   644   369   399   355   415 0.57 -
TRINITY_DN2439_c0_g2_i3:2-2493   -            757 417at3041            -            712     9e-09   31.3   2.5   4   4   1.3e-06   0.00064   15.2   0.0   295   418   580   709   574   737 0.77 -
TRINITY_DN3912_c0_g1_i1:119-2098 -            660 417at3041            -            712   8.8e-06   21.4   3.6   1   2   4.1e-07    0.0002   16.9   0.4   242   422     7   198     2   325 0.65 -
TRINITY_DN3912_c0_g1_i1:119-2098 -            660 417at3041            -            712   8.8e-06   21.4   3.6   2   2    0.0021         1    4.7   0.2   313   481   459   627   452   644 0.70 -
TRINITY_DN3912_c0_g1_i2:0-2384   -            795 417at3041            -            712   1.6e-05   20.5   3.7   1   2   5.2e-07   0.00025   16.6   0.5   241   422   141   333   118   461 0.67 -
TRINITY_DN3912_c0_g1_i2:0-2384   -            795 417at3041            -            712   1.6e-05   20.5   3.7   2   2    0.0029       1.4    4.2   0.2   313   481   594   762   588   779 0.70 -
#
# Program:         hmmsearch
# Version:         3.2.1 (June 2018)
# Pipeline mode:   SEARCH
# Query file:      /sw/bioinfo/BUSCO/v5_lineage_sets/lineages/chlorophyta_odb10/hmms/417at3041.hmm
# Target file:     /crex/proj/snic2022-23-81/expression_algae/code/busco/trinity_VA-3180-Osg11Sin/run_chlorophyta_odb10/metaeuk_output/initial_results/trinity_VA-3180-Osg11Sin.Trinity.fasta.modified.fas
# Option settings: hmmsearch --domtblout /crex/proj/snic2022-23-81/expression_algae/code/busco/trinity_VA-3180-Osg11Sin/run_chlorophyta_odb10/hmmer_output/initial_run_results/417at3041.out --cpu 1 /sw/bioinfo/BUSCO/v5_lineage_sets/lineages/chlorophyta_odb10/hmms/417at3041.hmm /crex/proj/snic2022-23-81/expression_algae/code/busco/trinity_VA-3180-Osg11Sin/run_chlorophyta_odb10/metaeuk_output/initial_results/trinity_VA-3180-Osg11Sin.Trinity.fasta.modified.fas 
# Current dir:     /crex/proj/snic2022-23-81/expression_algae/code/busco
# Date:            Fri Sep 23 10:12:04 2022
# [ok]
