#                                                                                        --- full sequence --- -------------- this domain -------------   hmm coord   ali coord   env coord
# target name                    accession   tlen query name           accession   qlen   E-value  score  bias   #  of  c-Evalue  i-Evalue  score  bias  from    to  from    to  from    to  acc description of target
#            ------------------- ---------- ----- -------------------- ---------- ----- --------- ------ ----- --- --- --------- --------- ------ ----- ----- ----- ----- ----- ----- ----- ---- ---------------------
TRINITY_DN8814_c0_g2_i2:128-904  -            259 4927at3041           -            209   4.3e-25   85.6   1.1   1   2   0.00031      0.13    8.9   0.3     3    28     1    26     1    60 0.75 -
TRINITY_DN8814_c0_g2_i2:128-904  -            259 4927at3041           -            209   4.3e-25   85.6   1.1   2   2   2.8e-23   1.1e-20   71.2   0.1    42   205    76   257    42   259 0.78 -
TRINITY_DN432_c0_g2_i3:17-496    -            160 4927at3041           -            209   6.6e-13   45.8   0.3   1   1   1.9e-15   7.8e-13   45.6   0.3    99   203    44   153     1   157 0.78 -
TRINITY_DN1445_c0_g1_i4:229-984  -            252 4927at3041           -            209   1.6e-09   34.8   0.4   1   2   0.00014     0.055   10.1   0.2     5    31     1    27     1    47 0.81 -
TRINITY_DN1445_c0_g1_i4:229-984  -            252 4927at3041           -            209   1.6e-09   34.8   0.4   2   2   1.5e-08   5.9e-06   23.1   0.0    17   187    48   234    43   248 0.71 -
TRINITY_DN4079_c0_g1_i4:391-1308 -            306 4927at3041           -            209   1.9e-05   21.5   0.3   1   2    0.0011      0.44    7.2   0.1     6    25    43    62    39    74 0.86 -
TRINITY_DN4079_c0_g1_i4:391-1308 -            306 4927at3041           -            209   1.9e-05   21.5   0.3   2   2   3.1e-05     0.013   12.2   0.0    49   148   118   222    98   235 0.69 -
TRINITY_DN1445_c0_g1_i3:53-472   -            140 4927at3041           -            209   0.00013   18.8   0.9   1   2     5e-05      0.02   11.5   0.2     5    31     1    27     1    49 0.80 -
TRINITY_DN1445_c0_g1_i3:53-472   -            140 4927at3041           -            209   0.00013   18.8   0.9   2   2    0.0018      0.74    6.4   0.0    17    95    48   129    42   135 0.68 -
TRINITY_DN4079_c0_g1_i1:391-1023 -            211 4927at3041           -            209    0.0041   13.8   0.0   1   1   1.3e-05    0.0053   13.5   0.0    49   148    23   127     9   145 0.69 -
#
# Program:         hmmsearch
# Version:         3.2.1 (June 2018)
# Pipeline mode:   SEARCH
# Query file:      /sw/bioinfo/BUSCO/v5_lineage_sets/lineages/chlorophyta_odb10/hmms/4927at3041.hmm
# Target file:     /crex/proj/snic2022-23-81/expression_algae/code/busco/trinity_VA-3180-Osg11Sin/run_chlorophyta_odb10/metaeuk_output/initial_results/trinity_VA-3180-Osg11Sin.Trinity.fasta.modified.fas
# Option settings: hmmsearch --domtblout /crex/proj/snic2022-23-81/expression_algae/code/busco/trinity_VA-3180-Osg11Sin/run_chlorophyta_odb10/hmmer_output/initial_run_results/4927at3041.out --cpu 1 /sw/bioinfo/BUSCO/v5_lineage_sets/lineages/chlorophyta_odb10/hmms/4927at3041.hmm /crex/proj/snic2022-23-81/expression_algae/code/busco/trinity_VA-3180-Osg11Sin/run_chlorophyta_odb10/metaeuk_output/initial_results/trinity_VA-3180-Osg11Sin.Trinity.fasta.modified.fas 
# Current dir:     /crex/proj/snic2022-23-81/expression_algae/code/busco
# Date:            Fri Sep 23 10:12:05 2022
# [ok]
