#                                                                                        --- full sequence --- -------------- this domain -------------   hmm coord   ali coord   env coord
# target name                    accession   tlen query name           accession   qlen   E-value  score  bias   #  of  c-Evalue  i-Evalue  score  bias  from    to  from    to  from    to  acc description of target
#            ------------------- ---------- ----- -------------------- ---------- ----- --------- ------ ----- --- --- --------- --------- ------ ----- ----- ----- ----- ----- ----- ----- ---- ---------------------
TRINITY_DN31354_c0_g1_i1:118-432 -            105 6562at3041           -            428   4.9e-08   29.4   4.0   1   1   3.4e-09   1.4e-06   24.7   4.0   286   396     4   101     1   104 0.86 -
TRINITY_DN5966_c0_g1_i1:20-1381  -            423 6562at3041           -            428   2.1e-07   27.4   2.8   1   1   2.1e-09   8.3e-07   25.4   2.8   293   396     7    97     2   101 0.80 -
TRINITY_DN5966_c0_g1_i2:20-1288  -            423 6562at3041           -            428   2.1e-07   27.4   2.8   1   1   2.1e-09   8.3e-07   25.4   2.8   293   396     7    97     2   101 0.80 -
TRINITY_DN26535_c0_g1_i2:244-600 -            119 6562at3041           -            428   0.00017   17.8   0.0   1   2   1.7e-06   0.00067   15.8   0.0   188   246     8    64     4    70 0.83 -
TRINITY_DN26535_c0_g1_i2:244-600 -            119 6562at3041           -            428   0.00017   17.8   0.0   2   2      0.11        46   -0.1   0.0   255   269   103   117    75   119 0.81 -
TRINITY_DN26535_c0_g1_i1:244-618 -            125 6562at3041           -            428   0.00019   17.6   0.0   1   2   1.8e-06   0.00072   15.7   0.0   188   246    14    70     9    76 0.83 -
TRINITY_DN26535_c0_g1_i1:244-618 -            125 6562at3041           -            428   0.00019   17.6   0.0   2   2      0.12        50   -0.2   0.0   255   269   109   123    81   125 0.81 -
TRINITY_DN25939_c0_g1_i1:181-462 -             94 6562at3041           -            428   0.00021   17.4   0.0   1   3    0.0021      0.84    5.6   0.0   212   244    10    43     6    45 0.80 -
TRINITY_DN25939_c0_g1_i1:181-462 -             94 6562at3041           -            428   0.00021   17.4   0.0   2   3   4.8e-05     0.019   11.0   0.0    63    93    41    71    26    78 0.87 -
TRINITY_DN25939_c0_g1_i1:181-462 -             94 6562at3041           -            428   0.00021   17.4   0.0   3   3     0.041        17    1.3   0.0   252   269    75    92    71    94 0.82 -
#
# Program:         hmmsearch
# Version:         3.2.1 (June 2018)
# Pipeline mode:   SEARCH
# Query file:      /sw/bioinfo/BUSCO/v5_lineage_sets/lineages/chlorophyta_odb10/hmms/6562at3041.hmm
# Target file:     /crex/proj/snic2022-23-81/expression_algae/code/busco/trinity_VA-3180-Osg11Sin/run_chlorophyta_odb10/metaeuk_output/initial_results/trinity_VA-3180-Osg11Sin.Trinity.fasta.modified.fas
# Option settings: hmmsearch --domtblout /crex/proj/snic2022-23-81/expression_algae/code/busco/trinity_VA-3180-Osg11Sin/run_chlorophyta_odb10/hmmer_output/initial_run_results/6562at3041.out --cpu 1 /sw/bioinfo/BUSCO/v5_lineage_sets/lineages/chlorophyta_odb10/hmms/6562at3041.hmm /crex/proj/snic2022-23-81/expression_algae/code/busco/trinity_VA-3180-Osg11Sin/run_chlorophyta_odb10/metaeuk_output/initial_results/trinity_VA-3180-Osg11Sin.Trinity.fasta.modified.fas 
# Current dir:     /crex/proj/snic2022-23-81/expression_algae/code/busco
# Date:            Fri Sep 23 10:12:06 2022
# [ok]
