#                                                                                        --- full sequence --- -------------- this domain -------------   hmm coord   ali coord   env coord
# target name                    accession   tlen query name           accession   qlen   E-value  score  bias   #  of  c-Evalue  i-Evalue  score  bias  from    to  from    to  from    to  acc description of target
#            ------------------- ---------- ----- -------------------- ---------- ----- --------- ------ ----- --- --- --------- --------- ------ ----- ----- ----- ----- ----- ----- ----- ---- ---------------------
TRINITY_DN36807_c0_g1_i2:33-626  -            198 7388at3041           -            244   5.5e-45  150.5   0.1   1   1   2.7e-47   7.4e-45  150.0   0.1     5   119    68   198    65   198 0.87 -
TRINITY_DN7803_c0_g1_i1:97-1278  -            394 7388at3041           -            244     1e-36  123.3   0.0   1   2   4.8e-36   1.3e-33  113.2   0.0     7   136    83   224    78   233 0.88 -
TRINITY_DN7803_c0_g1_i1:97-1278  -            394 7388at3041           -            244     1e-36  123.3   0.0   2   2   0.00062      0.17    8.0   0.0   146   186   260   305   256   364 0.76 -
TRINITY_DN8814_c0_g2_i2:128-904  -            259 7388at3041           -            244   3.4e-12   43.1   0.1   1   1   1.6e-14   4.3e-12   42.7   0.1     7   192     2   195     1   211 0.77 -
TRINITY_DN1445_c0_g1_i4:229-984  -            252 7388at3041           -            244   1.3e-10   37.9   0.0   1   1     7e-13   1.9e-10   37.3   0.0     8   134     1   142     1   202 0.76 -
TRINITY_DN1445_c0_g1_i3:53-472   -            140 7388at3041           -            244   4.1e-09   33.0   0.6   1   1   2.3e-11   6.2e-09   32.4   0.6     8   115     1   123     1   136 0.70 -
TRINITY_DN4079_c0_g1_i4:391-1308 -            306 7388at3041           -            244   2.9e-06   23.6   0.0   1   1   1.8e-08   4.9e-06   22.9   0.0     9   183    43   223    36   230 0.69 -
TRINITY_DN8416_c0_g1_i1:349-1533 -            395 7388at3041           -            244   0.00029   17.1   0.0   1   1   2.1e-06   0.00057   16.1   0.0     6    73    51   119    48   142 0.89 -
TRINITY_DN6470_c0_g1_i1:209-433  -             75 7388at3041           -            244   0.00033   16.9   0.0   1   1   1.4e-06   0.00038   16.7   0.0     7    71     8    75     5    75 0.91 -
TRINITY_DN4079_c0_g1_i3:122-538  -            139 7388at3041           -            244   0.00048   16.4   0.0   1   1   2.2e-06   0.00059   16.1   0.0     9    43    44    79    37   135 0.66 -
#
# Program:         hmmsearch
# Version:         3.2.1 (June 2018)
# Pipeline mode:   SEARCH
# Query file:      /sw/bioinfo/BUSCO/v5_lineage_sets/lineages/chlorophyta_odb10/hmms/7388at3041.hmm
# Target file:     /crex/proj/snic2022-23-81/expression_algae/code/busco/trinity_VA-3180-Osg11Sin/run_chlorophyta_odb10/metaeuk_output/initial_results/trinity_VA-3180-Osg11Sin.Trinity.fasta.modified.fas
# Option settings: hmmsearch --domtblout /crex/proj/snic2022-23-81/expression_algae/code/busco/trinity_VA-3180-Osg11Sin/run_chlorophyta_odb10/hmmer_output/initial_run_results/7388at3041.out --cpu 1 /sw/bioinfo/BUSCO/v5_lineage_sets/lineages/chlorophyta_odb10/hmms/7388at3041.hmm /crex/proj/snic2022-23-81/expression_algae/code/busco/trinity_VA-3180-Osg11Sin/run_chlorophyta_odb10/metaeuk_output/initial_results/trinity_VA-3180-Osg11Sin.Trinity.fasta.modified.fas 
# Current dir:     /crex/proj/snic2022-23-81/expression_algae/code/busco
# Date:            Fri Sep 23 10:12:07 2022
# [ok]
