#                                                                                          --- full sequence --- -------------- this domain -------------   hmm coord   ali coord   env coord
# target name                      accession   tlen query name           accession   qlen   E-value  score  bias   #  of  c-Evalue  i-Evalue  score  bias  from    to  from    to  from    to  acc description of target
#              ------------------- ---------- ----- -------------------- ---------- ----- --------- ------ ----- --- --- --------- --------- ------ ----- ----- ----- ----- ----- ----- ----- ---- ---------------------
TRINITY_DN5459_c0_g1_i1:59-565     -            169 8074at3041           -            134   4.1e-64  211.5   7.6   1   1   2.3e-66   5.5e-64  211.1   7.6    11   133    47   169    38   169 0.98 -
TRINITY_DN3605_c0_g1_i1:246-542    -             99 8074at3041           -            134   4.2e-22   75.5   7.6   1   1   1.9e-24   4.6e-22   75.4   7.6    33   132     1    99     1    99 0.93 -
TRINITY_DN3605_c0_g1_i2:246-542    -             99 8074at3041           -            134   4.2e-22   75.5   7.6   1   1   1.9e-24   4.6e-22   75.4   7.6    33   132     1    99     1    99 0.93 -
TRINITY_DN14678_c0_g3_i1:2502-2798 -             99 8074at3041           -            134   9.5e-22   74.4   5.7   1   1   4.3e-24     1e-21   74.2   5.7    34   132     2    99     1    99 0.95 -
TRINITY_DN6043_c0_g1_i1:3-296      -             98 8074at3041           -            134   1.1e-21   74.1   5.0   1   1   5.2e-24   1.3e-21   74.0   5.0    34   132     1    98     1    98 0.98 -
TRINITY_DN14678_c0_g2_i1:1859-2134 -             92 8074at3041           -            134   8.8e-17   58.3   5.0   1   1     4e-19   9.6e-17   58.2   5.0    39   131     1    91     1    92 0.94 -
TRINITY_DN18367_c0_g1_i1:29-235    -             69 8074at3041           -            134   3.1e-16   56.5   0.6   1   1   1.4e-18   3.3e-16   56.4   0.6    63   132     1    69     1    69 0.92 -
TRINITY_DN9584_c0_g1_i1:227-460    -             78 8074at3041           -            134   7.9e-16   55.2   0.3   1   1   3.5e-18   8.5e-16   55.1   0.3    51   128     2    78     1    78 0.92 -
TRINITY_DN12_c0_g1_i1:41-475       -            145 8074at3041           -            134   0.00032   17.6   2.1   1   2   1.3e-06   0.00032   17.6   2.1    30    74    46    90    15    94 0.85 -
TRINITY_DN12_c0_g1_i1:41-475       -            145 8074at3041           -            134   0.00032   17.6   2.1   2   2      0.36        87    0.1   0.2    51    98    91   144    86   145 0.54 -
TRINITY_DN16022_c0_g1_i2:119-793   -            225 8074at3041           -            134     0.018   11.9   4.7   1   2    0.0073       1.8    5.5   0.7    26    68   108   150    99   158 0.78 -
TRINITY_DN16022_c0_g1_i2:119-793   -            225 8074at3041           -            134     0.018   11.9   4.7   2   2    0.0014      0.33    7.9   0.1    11    63   167   219   157   223 0.81 -
#
# Program:         hmmsearch
# Version:         3.2.1 (June 2018)
# Pipeline mode:   SEARCH
# Query file:      /sw/bioinfo/BUSCO/v5_lineage_sets/lineages/chlorophyta_odb10/hmms/8074at3041.hmm
# Target file:     /crex/proj/snic2022-23-81/expression_algae/code/busco/trinity_VA-3180-Osg11Sin/run_chlorophyta_odb10/metaeuk_output/initial_results/trinity_VA-3180-Osg11Sin.Trinity.fasta.modified.fas
# Option settings: hmmsearch --domtblout /crex/proj/snic2022-23-81/expression_algae/code/busco/trinity_VA-3180-Osg11Sin/run_chlorophyta_odb10/hmmer_output/initial_run_results/8074at3041.out --cpu 1 /sw/bioinfo/BUSCO/v5_lineage_sets/lineages/chlorophyta_odb10/hmms/8074at3041.hmm /crex/proj/snic2022-23-81/expression_algae/code/busco/trinity_VA-3180-Osg11Sin/run_chlorophyta_odb10/metaeuk_output/initial_results/trinity_VA-3180-Osg11Sin.Trinity.fasta.modified.fas 
# Current dir:     /crex/proj/snic2022-23-81/expression_algae/code/busco
# Date:            Fri Sep 23 10:12:07 2022
# [ok]
