#                                                                                        --- full sequence --- -------------- this domain -------------   hmm coord   ali coord   env coord
# target name                    accession   tlen query name           accession   qlen   E-value  score  bias   #  of  c-Evalue  i-Evalue  score  bias  from    to  from    to  from    to  acc description of target
#            ------------------- ---------- ----- -------------------- ---------- ----- --------- ------ ----- --- --- --------- --------- ------ ----- ----- ----- ----- ----- ----- ----- ---- ---------------------
TRINITY_DN1778_c0_g1_i5:223-765  -            181 8260at3041           -            210   3.8e-42  141.6   2.2   1   1   1.1e-43   3.4e-41  138.5   2.2     9   115     1   127     1   136 0.85 -
TRINITY_DN1778_c0_g1_i3:223-835  -            180 8260at3041           -            210   9.7e-42  140.2   1.5   1   1   1.6e-43   4.9e-41  137.9   1.5     9   115     1   126     1   135 0.85 -
TRINITY_DN13482_c0_g1_i1:412-780 -            123 8260at3041           -            210   1.1e-11   42.1   0.0   1   1   4.4e-14   1.3e-11   41.8   0.0     5   109     3   120     1   122 0.83 -
TRINITY_DN13482_c0_g1_i2:548-916 -            123 8260at3041           -            210   1.1e-11   42.1   0.0   1   1   4.4e-14   1.3e-11   41.8   0.0     5   109     3   120     1   122 0.83 -
TRINITY_DN322_c0_g1_i1:231-728   -            166 8260at3041           -            210   0.00026   17.9   0.1   1   2       0.1        32    1.3   0.0   158   196    23    63    15    77 0.69 -
TRINITY_DN322_c0_g1_i1:231-728   -            166 8260at3041           -            210   0.00026   17.9   0.1   2   2   9.7e-06    0.0029   14.5   0.0   130   201    78   158    72   163 0.75 -
TRINITY_DN322_c0_g1_i2:231-728   -            166 8260at3041           -            210   0.00026   17.9   0.1   1   2       0.1        32    1.3   0.0   158   196    23    63    15    77 0.69 -
TRINITY_DN322_c0_g1_i2:231-728   -            166 8260at3041           -            210   0.00026   17.9   0.1   2   2   9.7e-06    0.0029   14.5   0.0   130   201    78   158    72   163 0.75 -
TRINITY_DN5666_c0_g1_i2:225-449  -             75 8260at3041           -            210     0.018   11.9   0.0   1   1   5.9e-05     0.018   11.9   0.0   157   198    18    58     1    68 0.79 -
TRINITY_DN5666_c0_g1_i3:156-380  -             75 8260at3041           -            210     0.018   11.9   0.0   1   1   5.9e-05     0.018   11.9   0.0   157   198    18    58     1    68 0.79 -
#
# Program:         hmmsearch
# Version:         3.2.1 (June 2018)
# Pipeline mode:   SEARCH
# Query file:      /sw/bioinfo/BUSCO/v5_lineage_sets/lineages/chlorophyta_odb10/hmms/8260at3041.hmm
# Target file:     /crex/proj/snic2022-23-81/expression_algae/code/busco/trinity_VA-3180-Osg11Sin/run_chlorophyta_odb10/metaeuk_output/initial_results/trinity_VA-3180-Osg11Sin.Trinity.fasta.modified.fas
# Option settings: hmmsearch --domtblout /crex/proj/snic2022-23-81/expression_algae/code/busco/trinity_VA-3180-Osg11Sin/run_chlorophyta_odb10/hmmer_output/initial_run_results/8260at3041.out --cpu 1 /sw/bioinfo/BUSCO/v5_lineage_sets/lineages/chlorophyta_odb10/hmms/8260at3041.hmm /crex/proj/snic2022-23-81/expression_algae/code/busco/trinity_VA-3180-Osg11Sin/run_chlorophyta_odb10/metaeuk_output/initial_results/trinity_VA-3180-Osg11Sin.Trinity.fasta.modified.fas 
# Current dir:     /crex/proj/snic2022-23-81/expression_algae/code/busco
# Date:            Fri Sep 23 10:12:07 2022
# [ok]
