#                                                                                        --- full sequence --- -------------- this domain -------------   hmm coord   ali coord   env coord
# target name                    accession   tlen query name           accession   qlen   E-value  score  bias   #  of  c-Evalue  i-Evalue  score  bias  from    to  from    to  from    to  acc description of target
#            ------------------- ---------- ----- -------------------- ---------- ----- --------- ------ ----- --- --- --------- --------- ------ ----- ----- ----- ----- ----- ----- ----- ---- ---------------------
TRINITY_DN1357_c0_g3_i1:5-1279   -            425 928at3041            -            545    4e-227  752.4   7.3   1   2  4.4e-206  1.1e-203  675.1   1.0     2   296     4   299     3   326 0.95 -
TRINITY_DN1357_c0_g3_i1:5-1279   -            425 928at3041            -            545    4e-227  752.4   7.3   2   2   3.5e-26   8.6e-24   81.3   0.7   300   375   336   425   323   425 0.89 -
TRINITY_DN4025_c0_g2_i1:3-1160   -            386 928at3041            -            545   0.00017   17.6   0.0   1   1   1.2e-06   0.00028   16.9   0.0   160   223   145   205   129   226 0.73 -
TRINITY_DN6445_c0_g2_i2:105-272  -             56 928at3041            -            545    0.0018   14.2   0.0   1   1   7.4e-06    0.0018   14.2   0.0   170   222     3    56     1    56 0.87 -
TRINITY_DN366_c0_g1_i10:95-2452  -            786 928at3041            -            545    0.0029   13.5   0.0   1   1   2.3e-05    0.0057   12.6   0.0   155   223   310   375   300   398 0.70 -
TRINITY_DN366_c0_g1_i6:95-2568   -            786 928at3041            -            545    0.0029   13.5   0.0   1   1   2.3e-05    0.0057   12.6   0.0   155   223   310   375   300   398 0.70 -
TRINITY_DN366_c0_g1_i4:174-2515  -            742 928at3041            -            545    0.0029   13.5   0.0   1   1   2.2e-05    0.0053   12.7   0.0   155   223   266   331   256   354 0.70 -
TRINITY_DN21665_c0_g1_i1:111-260 -             50 928at3041            -            545    0.0045   12.9   0.0   1   1   1.9e-05    0.0045   12.9   0.0   170   206     1    38     1    50 0.74 -
TRINITY_DN3922_c0_g1_i1:710-880  -             57 928at3041            -            545    0.0062   12.4   0.0   1   1   2.7e-05    0.0065   12.4   0.0   170   223     3    57     1    57 0.90 -
TRINITY_DN5507_c1_g1_i1:2-133    -             44 928at3041            -            545     0.007   12.3   0.0   1   1   2.9e-05     0.007   12.3   0.0   170   192     3    25     1    42 0.81 -
TRINITY_DN5507_c1_g2_i1:5-169    -             55 928at3041            -            545     0.011   11.6   0.0   1   1   4.6e-05     0.011   11.6   0.0   170   201     3    37     1    55 0.75 -
#
# Program:         hmmsearch
# Version:         3.2.1 (June 2018)
# Pipeline mode:   SEARCH
# Query file:      /sw/bioinfo/BUSCO/v5_lineage_sets/lineages/chlorophyta_odb10/hmms/928at3041.hmm
# Target file:     /crex/proj/snic2022-23-81/expression_algae/code/busco/trinity_VA-3180-Osg11Sin/run_chlorophyta_odb10/metaeuk_output/initial_results/trinity_VA-3180-Osg11Sin.Trinity.fasta.modified.fas
# Option settings: hmmsearch --domtblout /crex/proj/snic2022-23-81/expression_algae/code/busco/trinity_VA-3180-Osg11Sin/run_chlorophyta_odb10/hmmer_output/initial_run_results/928at3041.out --cpu 1 /sw/bioinfo/BUSCO/v5_lineage_sets/lineages/chlorophyta_odb10/hmms/928at3041.hmm /crex/proj/snic2022-23-81/expression_algae/code/busco/trinity_VA-3180-Osg11Sin/run_chlorophyta_odb10/metaeuk_output/initial_results/trinity_VA-3180-Osg11Sin.Trinity.fasta.modified.fas 
# Current dir:     /crex/proj/snic2022-23-81/expression_algae/code/busco
# Date:            Fri Sep 23 10:12:08 2022
# [ok]
