#                                                                                         --- full sequence --- -------------- this domain -------------   hmm coord   ali coord   env coord
# target name                     accession   tlen query name           accession   qlen   E-value  score  bias   #  of  c-Evalue  i-Evalue  score  bias  from    to  from    to  from    to  acc description of target
#             ------------------- ---------- ----- -------------------- ---------- ----- --------- ------ ----- --- --- --------- --------- ------ ----- ----- ----- ----- ----- ----- ----- ---- ---------------------
TRINITY_DN12503_c0_g1_i1:46-708   -            221 1094at3041           -            562     0.001   14.4   0.0   1   1   7.8e-06    0.0013   14.1   0.0    19    51    16    48     1    55 0.82 -
TRINITY_DN12503_c0_g1_i2:40-717   -            226 1094at3041           -            562    0.0011   14.4   0.0   1   1   8.1e-06    0.0013   14.0   0.0    19    51    16    48     1    55 0.82 -
TRINITY_DN212_c0_g1_i13:402-2099  -            566 1094at3041           -            562    0.0015   13.9   0.1   1   1   1.4e-05    0.0024   13.2   0.1    21    39    41    59    31    75 0.85 -
TRINITY_DN212_c0_g1_i4:402-2099   -            566 1094at3041           -            562    0.0015   13.9   0.1   1   1   1.4e-05    0.0024   13.2   0.1    21    39    41    59    31    75 0.85 -
TRINITY_DN6823_c1_g1_i1:55-534    -            160 1094at3041           -            562    0.0086   11.4   0.0   1   1   7.8e-05     0.013   10.8   0.0    21    41    17    37     7    44 0.90 -
TRINITY_DN23872_c0_g1_i1:650-1210 -            187 1094at3041           -            562      0.01   11.1   0.1   1   1   0.00012      0.02   10.2   0.0    21    61    23    60    19    78 0.81 -
TRINITY_DN1056_c0_g1_i1:46-333    -             96 1094at3041           -            562     0.015   10.6   0.0   1   1   0.00011     0.018   10.3   0.0    19    41    26    48    19    59 0.90 -
TRINITY_DN1056_c0_g1_i4:46-333    -             96 1094at3041           -            562     0.015   10.6   0.0   1   1   0.00011     0.018   10.3   0.0    19    41    26    48    19    59 0.90 -
TRINITY_DN167_c0_g2_i1:1668-2219  -            184 1094at3041           -            562      0.02   10.2   0.0   1   1   0.00016     0.027    9.7   0.0    21    43     3    25     1    31 0.90 -
TRINITY_DN129_c1_g1_i10:129-569   -            147 1094at3041           -            562     0.027    9.8   0.2   1   2    0.0017      0.27    6.4   0.0    21    40    12    31     9    36 0.88 -
TRINITY_DN129_c1_g1_i10:129-569   -            147 1094at3041           -            562     0.027    9.8   0.2   2   2     0.067        11    1.1   0.0    50    71    96   117    93   121 0.90 -
#
# Program:         hmmsearch
# Version:         3.2.1 (June 2018)
# Pipeline mode:   SEARCH
# Query file:      /sw/bioinfo/BUSCO/v5_lineage_sets/lineages/chlorophyta_odb10/hmms/1094at3041.hmm
# Target file:     /crex/proj/snic2022-23-81/expression_algae/code/busco/trinity_VA-3180-Osg11Pal/run_chlorophyta_odb10/metaeuk_output/rerun_results/trinity_VA-3180-Osg11Pal.Trinity.fasta.modified.fas
# Option settings: hmmsearch --domtblout /crex/proj/snic2022-23-81/expression_algae/code/busco/trinity_VA-3180-Osg11Pal/run_chlorophyta_odb10/hmmer_output/rerun_results/1094at3041.out --cpu 1 /sw/bioinfo/BUSCO/v5_lineage_sets/lineages/chlorophyta_odb10/hmms/1094at3041.hmm /crex/proj/snic2022-23-81/expression_algae/code/busco/trinity_VA-3180-Osg11Pal/run_chlorophyta_odb10/metaeuk_output/rerun_results/trinity_VA-3180-Osg11Pal.Trinity.fasta.modified.fas 
# Current dir:     /crex/proj/snic2022-23-81/expression_algae/code/busco
# Date:            Fri Sep 23 10:13:45 2022
# [ok]
