#                                                                                         --- full sequence --- -------------- this domain -------------   hmm coord   ali coord   env coord
# target name                     accession   tlen query name           accession   qlen   E-value  score  bias   #  of  c-Evalue  i-Evalue  score  bias  from    to  from    to  from    to  acc description of target
#             ------------------- ---------- ----- -------------------- ---------- ----- --------- ------ ----- --- --- --------- --------- ------ ----- ----- ----- ----- ----- ----- ----- ---- ---------------------
TRINITY_DN22475_c0_g1_i1:6-317    -            104 3558at3041           -            388   1.3e-11   40.7   0.1   1   1   7.3e-14   1.5e-11   40.5   0.1     2    57    20    82    19    94 0.83 -
TRINITY_DN39960_c0_g1_i1:63-290   -             76 3558at3041           -            388   2.8e-10   36.3   0.1   1   1   1.5e-12   3.1e-10   36.2   0.1     2    52    20    73    19    76 0.87 -
TRINITY_DN15205_c0_g1_i1:381-593  -             71 3558at3041           -            388     2e-06   23.6   0.0   1   1     3e-08   6.2e-06   22.0   0.0     2    48    11    71    10    71 0.80 -
TRINITY_DN3302_c0_g1_i1:32-787    -            252 3558at3041           -            388   2.5e-06   23.3   0.0   1   2   6.8e-07   0.00014   17.5   0.0   151   182    61    92    30   103 0.85 -
TRINITY_DN3302_c0_g1_i1:32-787    -            252 3558at3041           -            388   2.5e-06   23.3   0.0   2   2    0.0094         2    3.9   0.0   182   277   141   241   109   248 0.72 -
TRINITY_DN55025_c0_g1_i1:984-1961 -            326 3558at3041           -            388   6.5e-05   18.7   0.3   1   2     7e-06    0.0014   14.2   0.0   151   178    46    73    32    90 0.92 -
TRINITY_DN55025_c0_g1_i1:984-1961 -            326 3558at3041           -            388   6.5e-05   18.7   0.3   2   2     0.022       4.5    2.7   0.0   239   336   166   266   111   289 0.73 -
TRINITY_DN4055_c0_g1_i1:146-412   -             89 3558at3041           -            388   0.00081   15.0   0.0   1   1   4.3e-06    0.0009   14.9   0.0     2    40    49    84    48    89 0.74 -
TRINITY_DN24324_c0_g1_i1:7-237    -             77 3558at3041           -            388    0.0041   12.7   0.1   1   1   2.6e-05    0.0055   12.3   0.1     3    21    59    77    57    77 0.93 -
TRINITY_DN40948_c0_g1_i1:73-750   -            226 3558at3041           -            388     0.016   10.8   0.1   1   1   0.00011     0.024   10.2   0.1   152   180    54    83    14    94 0.83 -
#
# Program:         hmmsearch
# Version:         3.2.1 (June 2018)
# Pipeline mode:   SEARCH
# Query file:      /sw/bioinfo/BUSCO/v5_lineage_sets/lineages/chlorophyta_odb10/hmms/3558at3041.hmm
# Target file:     /crex/proj/snic2022-23-81/expression_algae/code/busco/trinity_VA-3180-Osg11Pal/run_chlorophyta_odb10/metaeuk_output/rerun_results/trinity_VA-3180-Osg11Pal.Trinity.fasta.modified.fas
# Option settings: hmmsearch --domtblout /crex/proj/snic2022-23-81/expression_algae/code/busco/trinity_VA-3180-Osg11Pal/run_chlorophyta_odb10/hmmer_output/rerun_results/3558at3041.out --cpu 1 /sw/bioinfo/BUSCO/v5_lineage_sets/lineages/chlorophyta_odb10/hmms/3558at3041.hmm /crex/proj/snic2022-23-81/expression_algae/code/busco/trinity_VA-3180-Osg11Pal/run_chlorophyta_odb10/metaeuk_output/rerun_results/trinity_VA-3180-Osg11Pal.Trinity.fasta.modified.fas 
# Current dir:     /crex/proj/snic2022-23-81/expression_algae/code/busco
# Date:            Fri Sep 23 10:13:43 2022
# [ok]
