#                                                                                         --- full sequence --- -------------- this domain -------------   hmm coord   ali coord   env coord
# target name                     accession   tlen query name           accession   qlen   E-value  score  bias   #  of  c-Evalue  i-Evalue  score  bias  from    to  from    to  from    to  acc description of target
#             ------------------- ---------- ----- -------------------- ---------- ----- --------- ------ ----- --- --- --------- --------- ------ ----- ----- ----- ----- ----- ----- ----- ---- ---------------------
TRINITY_DN4710_c0_g2_i1:392-1132  -            247 3540at3041           -            313   8.2e-05   17.8   0.0   1   1     1e-06   0.00015   16.9   0.0   133   193    86   146    75   241 0.62 -
TRINITY_DN417_c0_g1_i5:1655-2452  -            266 3540at3041           -            313   9.4e-05   17.6   0.1   1   2      0.32        47   -1.1   0.0   227   283     6    63     2    89 0.71 -
TRINITY_DN417_c0_g1_i5:1655-2452  -            266 3540at3041           -            313   9.4e-05   17.6   0.1   2   2   1.6e-06   0.00023   16.3   0.0   144   179    90   125    82   187 0.87 -
TRINITY_DN417_c0_g1_i6:1985-2782  -            266 3540at3041           -            313   9.4e-05   17.6   0.1   1   2      0.32        47   -1.1   0.0   227   283     6    63     2    89 0.71 -
TRINITY_DN417_c0_g1_i6:1985-2782  -            266 3540at3041           -            313   9.4e-05   17.6   0.1   2   2   1.6e-06   0.00023   16.3   0.0   144   179    90   125    82   187 0.87 -
TRINITY_DN417_c0_g1_i11:1655-2308 -            218 3540at3041           -            313   0.00014   17.0   0.0   1   1   1.1e-06   0.00017   16.8   0.0   144   180    42    78    37   141 0.85 -
TRINITY_DN18829_c0_g1_i1:2-415    -            138 3540at3041           -            313   0.00027   16.1   0.7   1   1     3e-06   0.00044   15.4   0.7   158   268     3   128     1   132 0.70 -
TRINITY_DN4600_c0_g1_i1:247-417   -             57 3540at3041           -            313     0.002   13.2   0.0   1   1   1.4e-05     0.002   13.2   0.0   158   181     1    24     1    47 0.75 -
TRINITY_DN23566_c0_g1_i1:33-200   -             56 3540at3041           -            313    0.0029   12.7   0.0   1   1     2e-05    0.0029   12.7   0.0   158   196     1    36     1    56 0.71 -
TRINITY_DN25206_c0_g1_i1:38-139   -             34 3540at3041           -            313    0.0033   12.5   0.1   1   1   2.2e-05    0.0033   12.5   0.1   158   179     1    22     1    31 0.85 -
#
# Program:         hmmsearch
# Version:         3.2.1 (June 2018)
# Pipeline mode:   SEARCH
# Query file:      /sw/bioinfo/BUSCO/v5_lineage_sets/lineages/chlorophyta_odb10/hmms/3540at3041.hmm
# Target file:     /crex/proj/snic2022-23-81/expression_algae/code/busco/trinity_VA-3180-Osg12Pal/run_chlorophyta_odb10/metaeuk_output/rerun_results/trinity_VA-3180-Osg12Pal.Trinity.fasta.modified.fas
# Option settings: hmmsearch --domtblout /crex/proj/snic2022-23-81/expression_algae/code/busco/trinity_VA-3180-Osg12Pal/run_chlorophyta_odb10/hmmer_output/rerun_results/3540at3041.out --cpu 1 /sw/bioinfo/BUSCO/v5_lineage_sets/lineages/chlorophyta_odb10/hmms/3540at3041.hmm /crex/proj/snic2022-23-81/expression_algae/code/busco/trinity_VA-3180-Osg12Pal/run_chlorophyta_odb10/metaeuk_output/rerun_results/trinity_VA-3180-Osg12Pal.Trinity.fasta.modified.fas 
# Current dir:     /crex/proj/snic2022-23-81/expression_algae/code/busco
# Date:            Fri Sep 23 10:12:56 2022
# [ok]
