#                                                                                         --- full sequence --- -------------- this domain -------------   hmm coord   ali coord   env coord
# target name                     accession   tlen query name           accession   qlen   E-value  score  bias   #  of  c-Evalue  i-Evalue  score  bias  from    to  from    to  from    to  acc description of target
#             ------------------- ---------- ----- -------------------- ---------- ----- --------- ------ ----- --- --- --------- --------- ------ ----- ----- ----- ----- ----- ----- ----- ---- ---------------------
TRINITY_DN4710_c0_g2_i1:392-1132  -            247 5474at3041           -            235   2.8e-29   98.7   0.0   1   1   3.8e-31   4.1e-29   98.2   0.0    90   219    76   210     1   229 0.75 -
TRINITY_DN4600_c0_g1_i1:247-417   -             57 5474at3041           -            235   4.6e-07   26.0   0.0   1   1   4.6e-09   4.9e-07   25.9   0.0   121   176     1    57     1    57 0.93 -
TRINITY_DN23566_c0_g1_i1:33-200   -             56 5474at3041           -            235   1.4e-06   24.4   0.0   1   1   1.3e-08   1.4e-06   24.4   0.0   121   173     1    54     1    56 0.79 -
TRINITY_DN5331_c0_g1_i2:639-1475  -            279 5474at3041           -            235   1.7e-06   24.2   0.2   1   1   2.7e-08     3e-06   23.3   0.2   119   188   136   203    88   213 0.82 -
TRINITY_DN5331_c0_g1_i3:639-1475  -            279 5474at3041           -            235   1.7e-06   24.2   0.2   1   1   2.7e-08     3e-06   23.3   0.2   119   188   136   203    88   213 0.82 -
TRINITY_DN18829_c0_g1_i1:2-415    -            138 5474at3041           -            235   5.9e-06   22.3   0.1   1   1   7.1e-08   7.6e-06   22.0   0.1   120   154     2    37     1   101 0.83 -
TRINITY_DN26809_c0_g1_i1:30-215   -             62 5474at3041           -            235   6.7e-05   18.9   0.0   1   1   6.6e-07   7.1e-05   18.8   0.0   122   176     1    56     1    61 0.73 -
TRINITY_DN25206_c0_g1_i1:38-139   -             34 5474at3041           -            235   0.00042   16.3   0.1   1   1   3.9e-06   0.00042   16.3   0.1   121   139     1    19     1    34 0.75 -
TRINITY_DN417_c0_g1_i11:1655-2308 -            218 5474at3041           -            235    0.0011   14.9   0.0   1   1   1.3e-05    0.0014   14.6   0.0   119   140    54    75    35   139 0.73 -
TRINITY_DN417_c0_g1_i5:1655-2452  -            266 5474at3041           -            235    0.0016   14.4   0.0   1   1     2e-05    0.0021   14.0   0.0   119   140   102   123    83   177 0.72 -
TRINITY_DN417_c0_g1_i6:1985-2782  -            266 5474at3041           -            235    0.0016   14.4   0.0   1   1     2e-05    0.0021   14.0   0.0   119   140   102   123    83   177 0.72 -
#
# Program:         hmmsearch
# Version:         3.2.1 (June 2018)
# Pipeline mode:   SEARCH
# Query file:      /sw/bioinfo/BUSCO/v5_lineage_sets/lineages/chlorophyta_odb10/hmms/5474at3041.hmm
# Target file:     /crex/proj/snic2022-23-81/expression_algae/code/busco/trinity_VA-3180-Osg12Pal/run_chlorophyta_odb10/metaeuk_output/rerun_results/trinity_VA-3180-Osg12Pal.Trinity.fasta.modified.fas
# Option settings: hmmsearch --domtblout /crex/proj/snic2022-23-81/expression_algae/code/busco/trinity_VA-3180-Osg12Pal/run_chlorophyta_odb10/hmmer_output/rerun_results/5474at3041.out --cpu 1 /sw/bioinfo/BUSCO/v5_lineage_sets/lineages/chlorophyta_odb10/hmms/5474at3041.hmm /crex/proj/snic2022-23-81/expression_algae/code/busco/trinity_VA-3180-Osg12Pal/run_chlorophyta_odb10/metaeuk_output/rerun_results/trinity_VA-3180-Osg12Pal.Trinity.fasta.modified.fas 
# Current dir:     /crex/proj/snic2022-23-81/expression_algae/code/busco
# Date:            Fri Sep 23 10:12:57 2022
# [ok]
