#                                                                                        --- full sequence --- -------------- this domain -------------   hmm coord   ali coord   env coord
# target name                    accession   tlen query name           accession   qlen   E-value  score  bias   #  of  c-Evalue  i-Evalue  score  bias  from    to  from    to  from    to  acc description of target
#            ------------------- ---------- ----- -------------------- ---------- ----- --------- ------ ----- --- --- --------- --------- ------ ----- ----- ----- ----- ----- ----- ----- ---- ---------------------
TRINITY_DN34445_c0_g1_i1:89-283  -             65 4993at3041           -            231   4.3e-08   29.1   0.2   1   1   3.3e-10     6e-08   28.6   0.2     1    26    40    65    40    65 0.95 -
TRINITY_DN95_c0_g1_i10:2496-3239 -            248 4993at3041           -            231   0.00017   17.3   0.0   1   2   9.2e-05     0.017   10.8   0.0    53   154   107   203    59   207 0.76 -
TRINITY_DN95_c0_g1_i10:2496-3239 -            248 4993at3041           -            231   0.00017   17.3   0.0   2   2    0.0036      0.66    5.6   0.0   199   224   204   229   197   233 0.82 -
TRINITY_DN95_c0_g1_i14:2085-2828 -            248 4993at3041           -            231   0.00017   17.3   0.0   1   2   9.2e-05     0.017   10.8   0.0    53   154   107   203    59   207 0.76 -
TRINITY_DN95_c0_g1_i14:2085-2828 -            248 4993at3041           -            231   0.00017   17.3   0.0   2   2    0.0036      0.66    5.6   0.0   199   224   204   229   197   233 0.82 -
TRINITY_DN95_c0_g1_i1:2724-3467  -            248 4993at3041           -            231   0.00017   17.3   0.0   1   2   9.2e-05     0.017   10.8   0.0    53   154   107   203    59   207 0.76 -
TRINITY_DN95_c0_g1_i1:2724-3467  -            248 4993at3041           -            231   0.00017   17.3   0.0   2   2    0.0036      0.66    5.6   0.0   199   224   204   229   197   233 0.82 -
TRINITY_DN95_c0_g1_i8:251-1171   -            307 4993at3041           -            231   0.00035   16.3   0.0   1   2   0.00016     0.028   10.0   0.0    53   154   166   262   119   266 0.76 -
TRINITY_DN95_c0_g1_i8:251-1171   -            307 4993at3041           -            231   0.00035   16.3   0.0   2   2    0.0045      0.82    5.2   0.0   198   224   262   288   255   292 0.82 -
TRINITY_DN5377_c0_g1_i2:207-797  -            197 4993at3041           -            231    0.0016   14.1   0.0   1   2   5.2e-05    0.0095   11.6   0.0    35    85    46    97    13   121 0.73 -
TRINITY_DN5377_c0_g1_i2:207-797  -            197 4993at3041           -            231    0.0016   14.1   0.0   2   2      0.13        25    0.4   0.0   202   218   176   192   157   196 0.84 -
#
# Program:         hmmsearch
# Version:         3.2.1 (June 2018)
# Pipeline mode:   SEARCH
# Query file:      /sw/bioinfo/BUSCO/v5_lineage_sets/lineages/chlorophyta_odb10/hmms/4993at3041.hmm
# Target file:     /crex/proj/snic2022-23-81/expression_algae/code/busco/trinity_VA-3180-Osg03Sin/run_chlorophyta_odb10/metaeuk_output/rerun_results/trinity_VA-3180-Osg03Sin.Trinity.fasta.modified.fas
# Option settings: hmmsearch --domtblout /crex/proj/snic2022-23-81/expression_algae/code/busco/trinity_VA-3180-Osg03Sin/run_chlorophyta_odb10/hmmer_output/rerun_results/4993at3041.out --cpu 1 /sw/bioinfo/BUSCO/v5_lineage_sets/lineages/chlorophyta_odb10/hmms/4993at3041.hmm /crex/proj/snic2022-23-81/expression_algae/code/busco/trinity_VA-3180-Osg03Sin/run_chlorophyta_odb10/metaeuk_output/rerun_results/trinity_VA-3180-Osg03Sin.Trinity.fasta.modified.fas 
# Current dir:     /crex/proj/snic2022-23-81/expression_algae/code/busco
# Date:            Fri Sep 23 10:12:10 2022
# [ok]
