#                                                                                         --- full sequence --- -------------- this domain -------------   hmm coord   ali coord   env coord
# target name                     accession   tlen query name           accession   qlen   E-value  score  bias   #  of  c-Evalue  i-Evalue  score  bias  from    to  from    to  from    to  acc description of target
#             ------------------- ---------- ----- -------------------- ---------- ----- --------- ------ ----- --- --- --------- --------- ------ ----- ----- ----- ----- ----- ----- ----- ---- ---------------------
TRINITY_DN2613_c0_g1_i1:464-634   -             57 5426at3041           -            606   2.1e-05   19.3   0.0   1   1   1.7e-07   2.1e-05   19.3   0.0   179   212     1    34     1    49 0.84 -
TRINITY_DN794_c0_g1_i6:509-1674   -            338 5426at3041           -            606   0.00052   14.7   0.0   1   2    0.0045      0.54    4.7   0.0   264   308    90   136    85   146 0.78 -
TRINITY_DN794_c0_g1_i6:509-1674   -            338 5426at3041           -            606   0.00052   14.7   0.0   2   2    0.0005      0.06    7.9   0.0   179   217   185   223   167   242 0.83 -
TRINITY_DN794_c0_g1_i4:626-1543   -            306 5426at3041           -            606   0.00065   14.4   0.0   1   2    0.0039      0.47    4.9   0.0   264   308    51    97    46   107 0.78 -
TRINITY_DN794_c0_g1_i4:626-1543   -            306 5426at3041           -            606   0.00065   14.4   0.0   2   2   0.00072     0.087    7.3   0.0   179   208   146   175   128   196 0.77 -
TRINITY_DN2497_c0_g1_i1:198-749   -            184 5426at3041           -            606   0.00077   14.1   0.0   1   1   9.4e-06    0.0011   13.6   0.0   179   210     3    34     2    47 0.85 -
TRINITY_DN794_c0_g1_i2:363-1094   -            244 5426at3041           -            606    0.0015   13.2   0.0   1   2     0.013       1.5    3.2   0.0   282   308    14    43     3    53 0.80 -
TRINITY_DN794_c0_g1_i2:363-1094   -            244 5426at3041           -            606    0.0015   13.2   0.0   2   2    0.0005     0.061    7.8   0.0   179   208    92   121    74   143 0.77 -
TRINITY_DN2336_c0_g1_i1:806-1222  -            139 5426at3041           -            606    0.0041   11.7   1.0   1   1   5.4e-05    0.0066   11.0   1.0   179   303     1   125     1   133 0.68 -
TRINITY_DN3746_c0_g1_i3:357-902   -            182 5426at3041           -            606    0.0051   11.4   0.3   1   1   6.8e-05    0.0083   10.7   0.3   178   204     7    33     5    44 0.85 -
TRINITY_DN3746_c1_g1_i2:1674-2165 -            164 5426at3041           -            606     0.011   10.4   0.1   1   1   0.00012     0.015    9.9   0.1   178   209     7    38     3    45 0.90 -
TRINITY_DN3746_c1_g1_i1:1674-2222 -            183 5426at3041           -            606     0.012   10.1   0.1   1   1   0.00015     0.018    9.6   0.1   178   209     7    38     3    45 0.90 -
#
# Program:         hmmsearch
# Version:         3.2.1 (June 2018)
# Pipeline mode:   SEARCH
# Query file:      /sw/bioinfo/BUSCO/v5_lineage_sets/lineages/chlorophyta_odb10/hmms/5426at3041.hmm
# Target file:     /crex/proj/snic2022-23-81/expression_algae/code/busco/trinity_VA-3180-Osg03Sin/run_chlorophyta_odb10/metaeuk_output/rerun_results/trinity_VA-3180-Osg03Sin.Trinity.fasta.modified.fas
# Option settings: hmmsearch --domtblout /crex/proj/snic2022-23-81/expression_algae/code/busco/trinity_VA-3180-Osg03Sin/run_chlorophyta_odb10/hmmer_output/rerun_results/5426at3041.out --cpu 1 /sw/bioinfo/BUSCO/v5_lineage_sets/lineages/chlorophyta_odb10/hmms/5426at3041.hmm /crex/proj/snic2022-23-81/expression_algae/code/busco/trinity_VA-3180-Osg03Sin/run_chlorophyta_odb10/metaeuk_output/rerun_results/trinity_VA-3180-Osg03Sin.Trinity.fasta.modified.fas 
# Current dir:     /crex/proj/snic2022-23-81/expression_algae/code/busco
# Date:            Fri Sep 23 10:12:10 2022
# [ok]
