#                                                                                        --- full sequence --- -------------- this domain -------------   hmm coord   ali coord   env coord
# target name                    accession   tlen query name           accession   qlen   E-value  score  bias   #  of  c-Evalue  i-Evalue  score  bias  from    to  from    to  from    to  acc description of target
#            ------------------- ---------- ----- -------------------- ---------- ----- --------- ------ ----- --- --- --------- --------- ------ ----- ----- ----- ----- ----- ----- ----- ---- ---------------------
TRINITY_DN10597_c0_g1_i1:2-853   -            284 1966at3041           -            299  3.2e-120  397.6   0.2   1   1  2.1e-122    6e-120  396.7   0.2     1   220    39   284    39   284 0.95 -
TRINITY_DN38496_c0_g1_i1:1-627   -            209 1966at3041           -            299   8.8e-06   21.9   0.0   1   1   4.1e-08   1.2e-05   21.4   0.0    27   164    25   179     5   204 0.71 -
TRINITY_DN2238_c0_g1_i3:259-1218 -            320 1966at3041           -            299   0.00029   16.9   0.0   1   2   0.00052      0.15    8.0   0.0   140   164   208   232   202   258 0.78 -
TRINITY_DN2238_c0_g1_i3:259-1218 -            320 1966at3041           -            299   0.00029   16.9   0.0   2   2    0.0012      0.35    6.8   0.0   189   210   280   301   271   317 0.88 -
TRINITY_DN2238_c0_g1_i4:116-1021 -            302 1966at3041           -            299   0.00044   16.3   0.0   1   2   0.00048      0.14    8.1   0.0   140   164   208   232   202   258 0.78 -
TRINITY_DN2238_c0_g1_i4:116-1021 -            302 1966at3041           -            299   0.00044   16.3   0.0   2   2    0.0019      0.55    6.1   0.0   189   210   280   301   271   302 0.89 -
TRINITY_DN2238_c0_g1_i1:63-1382  -            440 1966at3041           -            299   0.00053   16.0   0.0   1   2   0.00081      0.23    7.3   0.0   140   164   208   232   203   258 0.78 -
TRINITY_DN2238_c0_g1_i1:63-1382  -            440 1966at3041           -            299   0.00053   16.0   0.0   2   2    0.0015      0.42    6.5   0.0   189   210   280   301   271   329 0.84 -
TRINITY_DN2685_c0_g1_i1:1-735    -            245 1966at3041           -            299     0.012   11.5   0.0   1   1   7.3e-05     0.021   10.8   0.0   185   228   104   154    72   158 0.82 -
TRINITY_DN2685_c0_g1_i3:1-735    -            245 1966at3041           -            299     0.012   11.5   0.0   1   1   7.3e-05     0.021   10.8   0.0   185   228   104   154    72   158 0.82 -
#
# Program:         hmmsearch
# Version:         3.2.1 (June 2018)
# Pipeline mode:   SEARCH
# Query file:      /sw/bioinfo/BUSCO/v5_lineage_sets/lineages/chlorophyta_odb10/hmms/1966at3041.hmm
# Target file:     /crex/proj/snic2022-23-81/expression_algae/code/busco/trinity_VA-3180-Osg12Sin/run_chlorophyta_odb10/metaeuk_output/initial_results/trinity_VA-3180-Osg12Sin.Trinity.fasta.modified.fas
# Option settings: hmmsearch --domtblout /crex/proj/snic2022-23-81/expression_algae/code/busco/trinity_VA-3180-Osg12Sin/run_chlorophyta_odb10/hmmer_output/initial_run_results/1966at3041.out --cpu 1 /sw/bioinfo/BUSCO/v5_lineage_sets/lineages/chlorophyta_odb10/hmms/1966at3041.hmm /crex/proj/snic2022-23-81/expression_algae/code/busco/trinity_VA-3180-Osg12Sin/run_chlorophyta_odb10/metaeuk_output/initial_results/trinity_VA-3180-Osg12Sin.Trinity.fasta.modified.fas 
# Current dir:     /crex/proj/snic2022-23-81/expression_algae/code/busco
# Date:            Fri Sep 23 10:12:01 2022
# [ok]
