#                                                                                        --- full sequence --- -------------- this domain -------------   hmm coord   ali coord   env coord
# target name                    accession   tlen query name           accession   qlen   E-value  score  bias   #  of  c-Evalue  i-Evalue  score  bias  from    to  from    to  from    to  acc description of target
#            ------------------- ---------- ----- -------------------- ---------- ----- --------- ------ ----- --- --- --------- --------- ------ ----- ----- ----- ----- ----- ----- ----- ---- ---------------------
TRINITY_DN7603_c0_g1_i1:580-1347 -            256 3446at3041           -            190   9.8e-39  129.8   5.6   1   1   4.9e-41   1.4e-38  129.3   5.6     3   186    41   244    39   247 0.83 -
TRINITY_DN7350_c0_g1_i1:119-469  -            117 3446at3041           -            190   4.3e-29   98.4   1.6   1   1   1.6e-31   4.7e-29   98.3   1.6    80   185     1   109     1   115 0.92 -
TRINITY_DN27721_c0_g1_i1:21-209  -             63 3446at3041           -            190   9.5e-10   35.3   0.0   1   1   3.4e-12   9.6e-10   35.3   0.0     4    57     2    58     1    63 0.89 -
TRINITY_DN1841_c0_g1_i4:904-1706 -            206 3446at3041           -            190   3.9e-05   20.2   3.4   1   2   2.9e-07   8.4e-05   19.2   2.0    85   167    34   107     6   114 0.77 -
TRINITY_DN1841_c0_g1_i4:904-1706 -            206 3446at3041           -            190   3.9e-05   20.2   3.4   2   2      0.23        65   -0.1   0.0   171   184   142   155   138   162 0.77 -
TRINITY_DN1841_c0_g1_i1:904-1644 -            247 3446at3041           -            190   9.3e-05   19.0   4.7   1   2   4.7e-07   0.00013   18.5   2.9    70   167    60   148    25   155 0.74 -
TRINITY_DN1841_c0_g1_i1:904-1644 -            247 3446at3041           -            190   9.3e-05   19.0   4.7   2   2      0.33        95   -0.6   0.0   171   184   183   196   179   202 0.79 -
TRINITY_DN1841_c0_g1_i3:904-2061 -            386 3446at3041           -            190   0.00011   18.8   3.9   1   2   7.1e-07    0.0002   17.9   2.5    66   167   195   287   154   294 0.73 -
TRINITY_DN1841_c0_g1_i3:904-2061 -            386 3446at3041           -            190   0.00011   18.8   3.9   2   2       0.6   1.7e+02   -1.4   0.0   171   184   322   335   319   341 0.79 -
TRINITY_DN1841_c0_g1_i2:904-1911 -            336 3446at3041           -            190   0.00011   18.7   4.1   1   2   6.3e-07   0.00018   18.1   2.8    65   167   144   237   103   244 0.73 -
TRINITY_DN1841_c0_g1_i2:904-1911 -            336 3446at3041           -            190   0.00011   18.7   4.1   2   2      0.51   1.5e+02   -1.2   0.0   171   184   272   285   269   291 0.79 -
#
# Program:         hmmsearch
# Version:         3.2.1 (June 2018)
# Pipeline mode:   SEARCH
# Query file:      /sw/bioinfo/BUSCO/v5_lineage_sets/lineages/chlorophyta_odb10/hmms/3446at3041.hmm
# Target file:     /crex/proj/snic2022-23-81/expression_algae/code/busco/trinity_VA-3180-Osg12Sin/run_chlorophyta_odb10/metaeuk_output/initial_results/trinity_VA-3180-Osg12Sin.Trinity.fasta.modified.fas
# Option settings: hmmsearch --domtblout /crex/proj/snic2022-23-81/expression_algae/code/busco/trinity_VA-3180-Osg12Sin/run_chlorophyta_odb10/hmmer_output/initial_run_results/3446at3041.out --cpu 1 /sw/bioinfo/BUSCO/v5_lineage_sets/lineages/chlorophyta_odb10/hmms/3446at3041.hmm /crex/proj/snic2022-23-81/expression_algae/code/busco/trinity_VA-3180-Osg12Sin/run_chlorophyta_odb10/metaeuk_output/initial_results/trinity_VA-3180-Osg12Sin.Trinity.fasta.modified.fas 
# Current dir:     /crex/proj/snic2022-23-81/expression_algae/code/busco
# Date:            Fri Sep 23 10:12:02 2022
# [ok]
