#                                                                                        --- full sequence --- -------------- this domain -------------   hmm coord   ali coord   env coord
# target name                    accession   tlen query name           accession   qlen   E-value  score  bias   #  of  c-Evalue  i-Evalue  score  bias  from    to  from    to  from    to  acc description of target
#            ------------------- ---------- ----- -------------------- ---------- ----- --------- ------ ----- --- --- --------- --------- ------ ----- ----- ----- ----- ----- ----- ----- ---- ---------------------
TRINITY_DN201_c0_g1_i3:27-1414   -            416 3540at3041           -            313   0.00031   16.6   0.1   1   2      0.45   1.3e+02   -1.8   0.0   226   281   223   279   218   307 0.71 -
TRINITY_DN201_c0_g1_i3:27-1414   -            416 3540at3041           -            313   0.00031   16.6   0.1   2   2   3.2e-06   0.00092   15.1   0.0   144   179   308   343   303   401 0.89 -
TRINITY_DN8653_c0_g1_i1:210-1481 -            424 3540at3041           -            313   0.00042   16.2   0.0   1   1     3e-06   0.00087   15.2   0.0   134   190   148   204   136   295 0.65 -
TRINITY_DN39957_c0_g1_i1:21-482  -            154 3540at3041           -            313    0.0005   15.9   0.1   1   1   3.6e-06     0.001   14.9   0.1   146   183     4    40     2   147 0.80 -
TRINITY_DN201_c0_g1_i4:1284-3443 -            720 3540at3041           -            313   0.00071   15.5   0.0   1   2         2   5.6e+02   -3.9   0.0   227   273   224   271   220   283 0.67 -
TRINITY_DN201_c0_g1_i4:1284-3443 -            720 3540at3041           -            313   0.00071   15.5   0.0   2   2   6.2e-06    0.0018   14.1   0.0   144   179   308   343   300   401 0.90 -
TRINITY_DN201_c0_g1_i7:756-3113  -            786 3540at3041           -            313   0.00083   15.2   0.0   1   2       2.3   6.6e+02   -4.1   0.0   227   273   224   271   220   282 0.67 -
TRINITY_DN201_c0_g1_i7:756-3113  -            786 3540at3041           -            313   0.00083   15.2   0.0   2   2   7.1e-06     0.002   14.0   0.0   144   179   308   343   301   401 0.90 -
TRINITY_DN2391_c0_g1_i1:24-866   -            281 3540at3041           -            313    0.0021   13.9   2.1   1   2     1e-05    0.0029   13.5   1.2   157   268    13   139     3   160 0.71 -
TRINITY_DN2391_c0_g1_i1:24-866   -            281 3540at3041           -            313    0.0021   13.9   2.1   2   2      0.41   1.2e+02   -1.7   0.1   246   282   143   178   126   184 0.69 -
TRINITY_DN30875_c0_g1_i1:508-678 -             57 3540at3041           -            313    0.0034   13.2   0.0   1   1   1.2e-05    0.0034   13.2   0.0   158   181     1    24     1    47 0.75 -
#
# Program:         hmmsearch
# Version:         3.2.1 (June 2018)
# Pipeline mode:   SEARCH
# Query file:      /sw/bioinfo/BUSCO/v5_lineage_sets/lineages/chlorophyta_odb10/hmms/3540at3041.hmm
# Target file:     /crex/proj/snic2022-23-81/expression_algae/code/busco/trinity_VA-3180-Osg12Sin/run_chlorophyta_odb10/metaeuk_output/initial_results/trinity_VA-3180-Osg12Sin.Trinity.fasta.modified.fas
# Option settings: hmmsearch --domtblout /crex/proj/snic2022-23-81/expression_algae/code/busco/trinity_VA-3180-Osg12Sin/run_chlorophyta_odb10/hmmer_output/initial_run_results/3540at3041.out --cpu 1 /sw/bioinfo/BUSCO/v5_lineage_sets/lineages/chlorophyta_odb10/hmms/3540at3041.hmm /crex/proj/snic2022-23-81/expression_algae/code/busco/trinity_VA-3180-Osg12Sin/run_chlorophyta_odb10/metaeuk_output/initial_results/trinity_VA-3180-Osg12Sin.Trinity.fasta.modified.fas 
# Current dir:     /crex/proj/snic2022-23-81/expression_algae/code/busco
# Date:            Fri Sep 23 10:12:00 2022
# [ok]
