#                                                                                        --- full sequence --- -------------- this domain -------------   hmm coord   ali coord   env coord
# target name                    accession   tlen query name           accession   qlen   E-value  score  bias   #  of  c-Evalue  i-Evalue  score  bias  from    to  from    to  from    to  acc description of target
#            ------------------- ---------- ----- -------------------- ---------- ----- --------- ------ ----- --- --- --------- --------- ------ ----- ----- ----- ----- ----- ----- ----- ---- ---------------------
TRINITY_DN2391_c0_g1_i1:24-866   -            281 3644at3041           -            300   1.4e-05   21.0   0.6   1   2   1.7e-07   4.3e-05   19.5   0.1   108   171    14    76     3   105 0.80 -
TRINITY_DN2391_c0_g1_i1:24-866   -            281 3644at3041           -            300   1.4e-05   21.0   0.6   2   2       0.2        51   -0.5   0.1    54    95   125   170    84   189 0.63 -
TRINITY_DN30875_c0_g1_i1:508-678 -             57 3644at3041           -            300   1.9e-05   20.6   0.1   1   1   8.1e-08     2e-05   20.5   0.1   108   165     1    56     1    57 0.77 -
TRINITY_DN201_c0_g1_i3:27-1414   -            416 3644at3041           -            300   0.00045   16.1   0.0   1   1   3.2e-06    0.0008   15.3   0.0    98   168   312   377   245   405 0.72 -
TRINITY_DN2622_c0_g2_i2:2-844    -            281 3644at3041           -            300   0.00065   15.6   0.2   1   2      0.11        27    0.4   0.0    60   117   150   204   145   244 0.65 -
TRINITY_DN2622_c0_g2_i2:2-844    -            281 3644at3041           -            300   0.00065   15.6   0.2   2   2   1.8e-05    0.0046   12.8   0.1   108   128   253   273   233   280 0.86 -
TRINITY_DN201_c0_g1_i4:1284-3443 -            720 3644at3041           -            300    0.0011   14.8   0.0   1   1   7.6e-06    0.0019   14.1   0.0    98   168   312   377   246   406 0.73 -
TRINITY_DN201_c0_g1_i7:756-3113  -            786 3644at3041           -            300    0.0013   14.6   0.0   1   1   8.9e-06    0.0022   13.8   0.0    98   168   312   377   246   405 0.74 -
TRINITY_DN8653_c0_g1_i1:210-1481 -            424 3644at3041           -            300     0.003   13.4   0.0   1   1   1.9e-05    0.0047   12.8   0.0   105   184   168   244   136   256 0.81 -
TRINITY_DN464_c0_g1_i1:220-417   -             66 3644at3041           -            300     0.015   11.1   0.0   1   1   7.5e-05     0.019   10.8   0.0   108   166     1    57     1    62 0.78 -
#
# Program:         hmmsearch
# Version:         3.2.1 (June 2018)
# Pipeline mode:   SEARCH
# Query file:      /sw/bioinfo/BUSCO/v5_lineage_sets/lineages/chlorophyta_odb10/hmms/3644at3041.hmm
# Target file:     /crex/proj/snic2022-23-81/expression_algae/code/busco/trinity_VA-3180-Osg12Sin/run_chlorophyta_odb10/metaeuk_output/initial_results/trinity_VA-3180-Osg12Sin.Trinity.fasta.modified.fas
# Option settings: hmmsearch --domtblout /crex/proj/snic2022-23-81/expression_algae/code/busco/trinity_VA-3180-Osg12Sin/run_chlorophyta_odb10/hmmer_output/initial_run_results/3644at3041.out --cpu 1 /sw/bioinfo/BUSCO/v5_lineage_sets/lineages/chlorophyta_odb10/hmms/3644at3041.hmm /crex/proj/snic2022-23-81/expression_algae/code/busco/trinity_VA-3180-Osg12Sin/run_chlorophyta_odb10/metaeuk_output/initial_results/trinity_VA-3180-Osg12Sin.Trinity.fasta.modified.fas 
# Current dir:     /crex/proj/snic2022-23-81/expression_algae/code/busco
# Date:            Fri Sep 23 10:12:02 2022
# [ok]
