#                                                                                          --- full sequence --- -------------- this domain -------------   hmm coord   ali coord   env coord
# target name                      accession   tlen query name           accession   qlen   E-value  score  bias   #  of  c-Evalue  i-Evalue  score  bias  from    to  from    to  from    to  acc description of target
#              ------------------- ---------- ----- -------------------- ---------- ----- --------- ------ ----- --- --- --------- --------- ------ ----- ----- ----- ----- ----- ----- ----- ---- ---------------------
TRINITY_DN39994_c0_g1_i1:99-293    -             65 4993at3041           -            231   7.9e-08   29.1   0.2   1   1   3.8e-10   1.1e-07   28.6   0.2     1    26    40    65    40    65 0.95 -
TRINITY_DN5750_c0_g1_i10:6645-7514 -            290 4993at3041           -            231   0.00054   16.5   0.0   1   2   0.00016     0.046   10.2   0.0    53   154   146   242    99   246 0.76 -
TRINITY_DN5750_c0_g1_i10:6645-7514 -            290 4993at3041           -            231   0.00054   16.5   0.0   2   2    0.0049       1.4    5.4   0.0   198   224   242   268   235   272 0.82 -
TRINITY_DN5750_c0_g1_i12:6873-7742 -            290 4993at3041           -            231   0.00054   16.5   0.0   1   2   0.00016     0.046   10.2   0.0    53   154   146   242    99   246 0.76 -
TRINITY_DN5750_c0_g1_i12:6873-7742 -            290 4993at3041           -            231   0.00054   16.5   0.0   2   2    0.0049       1.4    5.4   0.0   198   224   242   268   235   272 0.82 -
TRINITY_DN14172_c0_g1_i1:122-691   -            190 4993at3041           -            231   0.00056   16.5   0.0   1   2    0.0022      0.62    6.5   0.0    30   146     8   119     2   129 0.66 -
TRINITY_DN14172_c0_g1_i1:122-691   -            190 4993at3041           -            231   0.00056   16.5   0.0   2   2   0.00057      0.16    8.4   0.0   193   225   136   168   115   171 0.71 -
TRINITY_DN288_c0_g1_i1:374-1324    -            317 4993at3041           -            231   0.00063   16.3   0.0   1   1   6.3e-06    0.0018   14.8   0.0   104   169   167   233   145   263 0.88 -
TRINITY_DN288_c0_g1_i2:374-1664    -            317 4993at3041           -            231   0.00063   16.3   0.0   1   1   6.3e-06    0.0018   14.8   0.0   104   169   167   233   145   263 0.88 -
TRINITY_DN476_c0_g1_i1:7-852       -            282 4993at3041           -            231   0.00087   15.8   0.0   1   2   0.00013     0.036   10.5   0.0    35    85   102   153    66   172 0.73 -
TRINITY_DN476_c0_g1_i1:7-852       -            282 4993at3041           -            231   0.00087   15.8   0.0   2   2      0.02       5.8    3.3   0.0   202   229   232   259   217   261 0.87 -
#
# Program:         hmmsearch
# Version:         3.2.1 (June 2018)
# Pipeline mode:   SEARCH
# Query file:      /sw/bioinfo/BUSCO/v5_lineage_sets/lineages/chlorophyta_odb10/hmms/4993at3041.hmm
# Target file:     /crex/proj/snic2022-23-81/expression_algae/code/busco/trinity_VA-3180-Osg12Sin/run_chlorophyta_odb10/metaeuk_output/initial_results/trinity_VA-3180-Osg12Sin.Trinity.fasta.modified.fas
# Option settings: hmmsearch --domtblout /crex/proj/snic2022-23-81/expression_algae/code/busco/trinity_VA-3180-Osg12Sin/run_chlorophyta_odb10/hmmer_output/initial_run_results/4993at3041.out --cpu 1 /sw/bioinfo/BUSCO/v5_lineage_sets/lineages/chlorophyta_odb10/hmms/4993at3041.hmm /crex/proj/snic2022-23-81/expression_algae/code/busco/trinity_VA-3180-Osg12Sin/run_chlorophyta_odb10/metaeuk_output/initial_results/trinity_VA-3180-Osg12Sin.Trinity.fasta.modified.fas 
# Current dir:     /crex/proj/snic2022-23-81/expression_algae/code/busco
# Date:            Fri Sep 23 10:12:03 2022
# [ok]
