#                                                                                        --- full sequence --- -------------- this domain -------------   hmm coord   ali coord   env coord
# target name                    accession   tlen query name           accession   qlen   E-value  score  bias   #  of  c-Evalue  i-Evalue  score  bias  from    to  from    to  from    to  acc description of target
#            ------------------- ---------- ----- -------------------- ---------- ----- --------- ------ ----- --- --- --------- --------- ------ ----- ----- ----- ----- ----- ----- ----- ---- ---------------------
TRINITY_DN8653_c0_g1_i1:210-1481 -            424 5474at3041           -            235   8.9e-29   97.8   0.0   1   1   8.8e-31     2e-28   96.7   0.0    59   219    96   271    39   290 0.72 -
TRINITY_DN947_c0_g3_i1:0-1034    -            345 5474at3041           -            235   1.1e-07   28.7   0.1   1   1   7.1e-10   1.6e-07   28.2   0.1   122   159   293   330   285   345 0.81 -
TRINITY_DN30875_c0_g1_i1:508-678 -             57 5474at3041           -            235   7.8e-07   26.0   0.0   1   1   3.7e-09   8.3e-07   25.9   0.0   121   176     1    57     1    57 0.93 -
TRINITY_DN2391_c0_g1_i1:24-866   -            281 5474at3041           -            235   1.3e-05   22.0   0.0   1   2     2e-07   4.6e-05   20.2   0.0   120   154    13    48     8    88 0.84 -
TRINITY_DN2391_c0_g1_i1:24-866   -            281 5474at3041           -            235   1.3e-05   22.0   0.0   2   2       2.5   5.6e+02   -3.0   0.0   183   204   222   243   215   258 0.76 -
TRINITY_DN464_c0_g1_i1:220-417   -             66 5474at3041           -            235   2.1e-05   21.3   0.0   1   1     1e-07   2.2e-05   21.2   0.0   121   177     1    58     1    63 0.85 -
TRINITY_DN2622_c0_g2_i2:2-844    -            281 5474at3041           -            235   0.00047   16.9   0.1   1   1   4.4e-06   0.00099   15.8   0.1   119   138   251   270   202   278 0.85 -
TRINITY_DN201_c0_g1_i3:27-1414   -            416 5474at3041           -            235    0.0043   13.7   0.0   1   1   3.5e-05    0.0077   12.9   0.0   119   140   320   341   301   387 0.73 -
TRINITY_DN201_c0_g1_i4:1284-3443 -            720 5474at3041           -            235    0.0062   13.2   1.3   1   2   7.2e-05     0.016   11.9   0.0   119   140   320   341   301   386 0.74 -
TRINITY_DN201_c0_g1_i4:1284-3443 -            720 5474at3041           -            235    0.0062   13.2   1.3   2   2      0.63   1.4e+02   -1.0   0.7    60   100   622   662   616   678 0.79 -
TRINITY_DN201_c0_g1_i7:756-3113  -            786 5474at3041           -            235     0.007   13.0   1.3   1   2   8.2e-05     0.018   11.7   0.0   119   140   320   341   301   385 0.74 -
TRINITY_DN201_c0_g1_i7:756-3113  -            786 5474at3041           -            235     0.007   13.0   1.3   2   2       0.7   1.6e+02   -1.2   0.7    60   100   622   662   616   678 0.79 -
#
# Program:         hmmsearch
# Version:         3.2.1 (June 2018)
# Pipeline mode:   SEARCH
# Query file:      /sw/bioinfo/BUSCO/v5_lineage_sets/lineages/chlorophyta_odb10/hmms/5474at3041.hmm
# Target file:     /crex/proj/snic2022-23-81/expression_algae/code/busco/trinity_VA-3180-Osg12Sin/run_chlorophyta_odb10/metaeuk_output/initial_results/trinity_VA-3180-Osg12Sin.Trinity.fasta.modified.fas
# Option settings: hmmsearch --domtblout /crex/proj/snic2022-23-81/expression_algae/code/busco/trinity_VA-3180-Osg12Sin/run_chlorophyta_odb10/hmmer_output/initial_run_results/5474at3041.out --cpu 1 /sw/bioinfo/BUSCO/v5_lineage_sets/lineages/chlorophyta_odb10/hmms/5474at3041.hmm /crex/proj/snic2022-23-81/expression_algae/code/busco/trinity_VA-3180-Osg12Sin/run_chlorophyta_odb10/metaeuk_output/initial_results/trinity_VA-3180-Osg12Sin.Trinity.fasta.modified.fas 
# Current dir:     /crex/proj/snic2022-23-81/expression_algae/code/busco
# Date:            Fri Sep 23 10:12:03 2022
# [ok]
