#                                                                                        --- full sequence --- -------------- this domain -------------   hmm coord   ali coord   env coord
# target name                    accession   tlen query name           accession   qlen   E-value  score  bias   #  of  c-Evalue  i-Evalue  score  bias  from    to  from    to  from    to  acc description of target
#            ------------------- ---------- ----- -------------------- ---------- ----- --------- ------ ----- --- --- --------- --------- ------ ----- ----- ----- ----- ----- ----- ----- ---- ---------------------
TRINITY_DN41017_c0_g1_i1:2-526   -            175 8793at3041           -            170     4e-07   26.5   0.8   1   1   6.9e-09   1.2e-06   24.9   0.8    24    74     6    56     3   132 0.91 -
TRINITY_DN2380_c0_g1_i1:237-668  -            144 8793at3041           -            170   5.6e-05   19.5   0.1   1   1   4.1e-07   7.5e-05   19.1   0.1    37    70     1    35     1    53 0.76 -
TRINITY_DN2380_c0_g1_i2:690-1121 -            144 8793at3041           -            170   5.6e-05   19.5   0.1   1   1   4.1e-07   7.5e-05   19.1   0.1    37    70     1    35     1    53 0.76 -
TRINITY_DN510_c0_g1_i1:262-669   -            136 8793at3041           -            170   0.00011   18.6   0.1   1   1   7.4e-07   0.00013   18.3   0.1    33    74    38    83    15    93 0.77 -
TRINITY_DN510_c0_g1_i2:821-1228  -            136 8793at3041           -            170   0.00011   18.6   0.1   1   1   7.4e-07   0.00013   18.3   0.1    33    74    38    83    15    93 0.77 -
TRINITY_DN510_c0_g1_i3:343-750   -            136 8793at3041           -            170   0.00011   18.6   0.1   1   1   7.4e-07   0.00013   18.3   0.1    33    74    38    83    15    93 0.77 -
TRINITY_DN510_c0_g1_i4:878-1285  -            136 8793at3041           -            170   0.00011   18.6   0.1   1   1   7.4e-07   0.00013   18.3   0.1    33    74    38    83    15    93 0.77 -
TRINITY_DN510_c0_g1_i5:406-813   -            136 8793at3041           -            170   0.00011   18.6   0.1   1   1   7.4e-07   0.00013   18.3   0.1    33    74    38    83    15    93 0.77 -
TRINITY_DN12592_c0_g1_i1:318-818 -            167 8793at3041           -            170   0.00084   15.7   0.1   1   1     6e-06    0.0011   15.3   0.1    37    67    57    87    23   103 0.86 -
TRINITY_DN12592_c0_g1_i2:389-889 -            167 8793at3041           -            170   0.00084   15.7   0.1   1   1     6e-06    0.0011   15.3   0.1    37    67    57    87    23   103 0.86 -
TRINITY_DN17160_c0_g1_i1:108-794 -            229 8793at3041           -            170     0.018   11.3   0.0   1   1   0.00015     0.027   10.8   0.0    18    69    18    70    10    80 0.82 -
#
# Program:         hmmsearch
# Version:         3.2.1 (June 2018)
# Pipeline mode:   SEARCH
# Query file:      /sw/bioinfo/BUSCO/v5_lineage_sets/lineages/chlorophyta_odb10/hmms/8793at3041.hmm
# Target file:     /crex/proj/snic2022-23-81/expression_algae/code/busco/trinity_VA-3180-Osg12Sin/run_chlorophyta_odb10/metaeuk_output/initial_results/trinity_VA-3180-Osg12Sin.Trinity.fasta.modified.fas
# Option settings: hmmsearch --domtblout /crex/proj/snic2022-23-81/expression_algae/code/busco/trinity_VA-3180-Osg12Sin/run_chlorophyta_odb10/hmmer_output/initial_run_results/8793at3041.out --cpu 1 /sw/bioinfo/BUSCO/v5_lineage_sets/lineages/chlorophyta_odb10/hmms/8793at3041.hmm /crex/proj/snic2022-23-81/expression_algae/code/busco/trinity_VA-3180-Osg12Sin/run_chlorophyta_odb10/metaeuk_output/initial_results/trinity_VA-3180-Osg12Sin.Trinity.fasta.modified.fas 
# Current dir:     /crex/proj/snic2022-23-81/expression_algae/code/busco
# Date:            Fri Sep 23 10:12:05 2022
# [ok]
