#                                                                                         --- full sequence --- -------------- this domain -------------   hmm coord   ali coord   env coord
# target name                     accession   tlen query name           accession   qlen   E-value  score  bias   #  of  c-Evalue  i-Evalue  score  bias  from    to  from    to  from    to  acc description of target
#             ------------------- ---------- ----- -------------------- ---------- ----- --------- ------ ----- --- --- --------- --------- ------ ----- ----- ----- ----- ----- ----- ----- ---- ---------------------
TRINITY_DN15996_c0_g1_i5:913-2553 -            547 3499at3041           -            597   1.3e-97  324.9   0.1   1   2   3.5e-15   1.5e-12   44.0   0.0    56   209    47   217    14   224 0.78 -
TRINITY_DN15996_c0_g1_i5:913-2553 -            547 3499at3041           -            597   1.3e-97  324.9   0.1   2   2   2.4e-86     1e-83  279.0   0.0   228   477   296   547   270   547 0.91 -
TRINITY_DN15996_c0_g4_i1:275-1228 -            318 3499at3041           -            597   6.8e-97  322.5   0.7   1   1   1.8e-99   7.5e-97  322.4   0.7   225   526     5   306     1   318 0.92 -
TRINITY_DN12767_c0_g1_i1:722-1609 -            296 3499at3041           -            597   4.4e-83  276.9   0.7   1   1   1.2e-85   4.8e-83  276.8   0.7   141   419     2   295     1   296 0.89 -
TRINITY_DN15996_c0_g6_i2:349-909  -            187 3499at3041           -            597   1.1e-64  216.1   0.0   1   1     3e-67   1.2e-64  216.0   0.0   236   413     6   187     1   187 0.95 -
TRINITY_DN15996_c0_g2_i1:0-482    -            161 3499at3041           -            597   1.7e-41  139.6   0.6   1   1     8e-44   3.3e-41  138.6   0.6   332   475     1   161     1   161 0.81 -
TRINITY_DN7119_c0_g1_i1:159-662   -            168 3499at3041           -            597   0.00019   17.2   0.1   1   1   1.2e-06   0.00048   15.9   0.1   271   386    28   145     9   153 0.77 -
TRINITY_DN7923_c0_g1_i2:15-968    -            318 3499at3041           -            597     0.018   10.7   0.1   1   2      0.66   2.7e+02   -3.1   0.1   509   533   121   145   108   168 0.47 -
TRINITY_DN7923_c0_g1_i2:15-968    -            318 3499at3041           -            597     0.018   10.7   0.1   2   2   4.3e-05     0.018   10.7   0.1   264   292   209   237   191   257 0.75 -
TRINITY_DN689_c0_g2_i1:37-732     -            232 3499at3041           -            597      0.03   10.0   0.0   1   1   9.9e-05     0.041    9.5   0.0   270   317    43    93    32   110 0.78 -
#
# Program:         hmmsearch
# Version:         3.2.1 (June 2018)
# Pipeline mode:   SEARCH
# Query file:      /sw/bioinfo/BUSCO/v5_lineage_sets/lineages/chlorophyta_odb10/hmms/3499at3041.hmm
# Target file:     /crex/proj/snic2022-23-81/expression_algae/code/busco/trinity_VA-3180-Osg10Sin/run_chlorophyta_odb10/metaeuk_output/rerun_results/trinity_VA-3180-Osg10Sin.Trinity.fasta.modified.fas
# Option settings: hmmsearch --domtblout /crex/proj/snic2022-23-81/expression_algae/code/busco/trinity_VA-3180-Osg10Sin/run_chlorophyta_odb10/hmmer_output/rerun_results/3499at3041.out --cpu 1 /sw/bioinfo/BUSCO/v5_lineage_sets/lineages/chlorophyta_odb10/hmms/3499at3041.hmm /crex/proj/snic2022-23-81/expression_algae/code/busco/trinity_VA-3180-Osg10Sin/run_chlorophyta_odb10/metaeuk_output/rerun_results/trinity_VA-3180-Osg10Sin.Trinity.fasta.modified.fas 
# Current dir:     /crex/proj/snic2022-23-81/expression_algae/code/busco
# Date:            Fri Sep 23 10:15:26 2022
# [ok]
