#                                                                                         --- full sequence --- -------------- this domain -------------   hmm coord   ali coord   env coord
# target name                     accession   tlen query name           accession   qlen   E-value  score  bias   #  of  c-Evalue  i-Evalue  score  bias  from    to  from    to  from    to  acc description of target
#             ------------------- ---------- ----- -------------------- ---------- ----- --------- ------ ----- --- --- --------- --------- ------ ----- ----- ----- ----- ----- ----- ----- ---- ---------------------
TRINITY_DN1806_c0_g1_i1:122-472   -            117 3537at3041           -            236     1e-25   88.2   4.5   1   1     5e-28   2.3e-25   86.9   4.5     2    90    15   117    14   117 0.87 -
TRINITY_DN6725_c0_g2_i2:566-874   -            103 3537at3041           -            236   5.1e-15   53.1   2.2   1   2   1.5e-06   0.00072   16.6   0.2    48    84     4    40     1    52 0.82 -
TRINITY_DN6725_c0_g2_i2:566-874   -            103 3537at3041           -            236   5.1e-15   53.1   2.2   2   2   3.7e-13   1.7e-10   38.3   0.3    16    78    39   102    35   103 0.87 -
TRINITY_DN9827_c0_g1_i1:298-600   -            101 3537at3041           -            236   1.7e-09   35.0   0.2   1   1   4.1e-11   1.9e-08   31.6   0.1    17    78    36   100     7   101 0.83 -
TRINITY_DN9827_c0_g1_i2:331-633   -            101 3537at3041           -            236   1.7e-09   35.0   0.2   1   1   4.1e-11   1.9e-08   31.6   0.1    17    78    36   100     7   101 0.83 -
TRINITY_DN4578_c0_g1_i2:7-399     -            131 3537at3041           -            236   1.7e-09   35.0   0.5   1   2   3.2e-07   0.00015   18.9   0.1    30    77    12    59     5    66 0.92 -
TRINITY_DN4578_c0_g1_i2:7-399     -            131 3537at3041           -            236   1.7e-09   35.0   0.5   2   2   2.3e-06    0.0011   16.1   0.1     9    78    56   128    50   130 0.80 -
TRINITY_DN25864_c0_g1_i1:665-1051 -            129 3537at3041           -            236   2.3e-06   24.8   0.1   1   2    0.0058       2.7    4.9   0.0    45    79    25    59     1    77 0.72 -
TRINITY_DN25864_c0_g1_i1:665-1051 -            129 3537at3041           -            236   2.3e-06   24.8   0.1   2   2   4.1e-07   0.00019   18.5   0.0    29    78    77   126    69   128 0.89 -
TRINITY_DN82361_c0_g1_i1:315-1031 -            239 3537at3041           -            236   0.00032   17.8   3.6   1   3    0.0057       2.7    4.9   0.0    49    78    52    81    29    83 0.86 -
TRINITY_DN82361_c0_g1_i1:315-1031 -            239 3537at3041           -            236   0.00032   17.8   3.6   2   3   0.00013     0.063   10.3   0.1    13    79    84   150    81   164 0.87 -
TRINITY_DN82361_c0_g1_i1:315-1031 -            239 3537at3041           -            236   0.00032   17.8   3.6   3   3     0.032        15    2.5   0.2    26    78   165   217   153   220 0.87 -
#
# Program:         hmmsearch
# Version:         3.2.1 (June 2018)
# Pipeline mode:   SEARCH
# Query file:      /sw/bioinfo/BUSCO/v5_lineage_sets/lineages/chlorophyta_odb10/hmms/3537at3041.hmm
# Target file:     /crex/proj/snic2022-23-81/expression_algae/code/busco/trinity_VA-3180-Osg10Sin/run_chlorophyta_odb10/metaeuk_output/rerun_results/trinity_VA-3180-Osg10Sin.Trinity.fasta.modified.fas
# Option settings: hmmsearch --domtblout /crex/proj/snic2022-23-81/expression_algae/code/busco/trinity_VA-3180-Osg10Sin/run_chlorophyta_odb10/hmmer_output/rerun_results/3537at3041.out --cpu 1 /sw/bioinfo/BUSCO/v5_lineage_sets/lineages/chlorophyta_odb10/hmms/3537at3041.hmm /crex/proj/snic2022-23-81/expression_algae/code/busco/trinity_VA-3180-Osg10Sin/run_chlorophyta_odb10/metaeuk_output/rerun_results/trinity_VA-3180-Osg10Sin.Trinity.fasta.modified.fas 
# Current dir:     /crex/proj/snic2022-23-81/expression_algae/code/busco
# Date:            Fri Sep 23 10:15:30 2022
# [ok]
