#                                                                                         --- full sequence --- -------------- this domain -------------   hmm coord   ali coord   env coord
# target name                     accession   tlen query name           accession   qlen   E-value  score  bias   #  of  c-Evalue  i-Evalue  score  bias  from    to  from    to  from    to  acc description of target
#             ------------------- ---------- ----- -------------------- ---------- ----- --------- ------ ----- --- --- --------- --------- ------ ----- ----- ----- ----- ----- ----- ----- ---- ---------------------
TRINITY_DN58323_c0_g1_i1:0-377    -            126 633at3041            -            496   5.6e-72  240.6   1.4   1   1   7.6e-75   6.2e-72  240.5   1.4     1   121     1   126     1   126 0.95 -
TRINITY_DN6749_c0_g1_i1:1-465     -            155 633at3041            -            496   1.5e-23   80.9   0.0   1   1   2.1e-26   1.7e-23   80.7   0.0     8   141     4   144     1   153 0.92 -
TRINITY_DN11711_c0_g1_i3:330-1655 -            442 633at3041            -            496   3.1e-06   23.7   9.1   1   4   5.3e-07   0.00043   16.7   0.2    78   179     1   114     1   128 0.77 -
TRINITY_DN11711_c0_g1_i3:330-1655 -            442 633at3041            -            496   3.1e-06   23.7   9.1   2   4    0.0071       5.8    3.0   0.0   437   488   137   188   130   196 0.84 -
TRINITY_DN11711_c0_g1_i3:330-1655 -            442 633at3041            -            496   3.1e-06   23.7   9.1   3   4    0.0022       1.8    4.7   2.0   294   370   239   323   230   368 0.67 -
TRINITY_DN11711_c0_g1_i3:330-1655 -            442 633at3041            -            496   3.1e-06   23.7   9.1   4   4     0.036        29    0.7   0.0   411   449   390   428   373   436 0.85 -
TRINITY_DN11711_c0_g1_i5:428-1753 -            442 633at3041            -            496   3.1e-06   23.7   9.1   1   4   5.3e-07   0.00043   16.7   0.2    78   179     1   114     1   128 0.77 -
TRINITY_DN11711_c0_g1_i5:428-1753 -            442 633at3041            -            496   3.1e-06   23.7   9.1   2   4    0.0071       5.8    3.0   0.0   437   488   137   188   130   196 0.84 -
TRINITY_DN11711_c0_g1_i5:428-1753 -            442 633at3041            -            496   3.1e-06   23.7   9.1   3   4    0.0022       1.8    4.7   2.0   294   370   239   323   230   368 0.67 -
TRINITY_DN11711_c0_g1_i5:428-1753 -            442 633at3041            -            496   3.1e-06   23.7   9.1   4   4     0.036        29    0.7   0.0   411   449   390   428   373   436 0.85 -
#
# Program:         hmmsearch
# Version:         3.2.1 (June 2018)
# Pipeline mode:   SEARCH
# Query file:      /sw/bioinfo/BUSCO/v5_lineage_sets/lineages/chlorophyta_odb10/hmms/633at3041.hmm
# Target file:     /crex/proj/snic2022-23-81/expression_algae/code/busco/trinity_VA-3180-Osg10Sin/run_chlorophyta_odb10/metaeuk_output/rerun_results/trinity_VA-3180-Osg10Sin.Trinity.fasta.modified.fas
# Option settings: hmmsearch --domtblout /crex/proj/snic2022-23-81/expression_algae/code/busco/trinity_VA-3180-Osg10Sin/run_chlorophyta_odb10/hmmer_output/rerun_results/633at3041.out --cpu 1 /sw/bioinfo/BUSCO/v5_lineage_sets/lineages/chlorophyta_odb10/hmms/633at3041.hmm /crex/proj/snic2022-23-81/expression_algae/code/busco/trinity_VA-3180-Osg10Sin/run_chlorophyta_odb10/metaeuk_output/rerun_results/trinity_VA-3180-Osg10Sin.Trinity.fasta.modified.fas 
# Current dir:     /crex/proj/snic2022-23-81/expression_algae/code/busco
# Date:            Fri Sep 23 10:15:30 2022
# [ok]
