#                                                                                        --- full sequence --- -------------- this domain -------------   hmm coord   ali coord   env coord
# target name                    accession   tlen query name           accession   qlen   E-value  score  bias   #  of  c-Evalue  i-Evalue  score  bias  from    to  from    to  from    to  acc description of target
#            ------------------- ---------- ----- -------------------- ---------- ----- --------- ------ ----- --- --- --------- --------- ------ ----- ----- ----- ----- ----- ----- ----- ---- ---------------------
TRINITY_DN2323_c0_g1_i1:79-702   -            208 6952at3041           -            221   0.00011   19.7   0.0   1   1   4.6e-07   0.00014   19.3   0.0    81   189    34   152    21   162 0.81 -
TRINITY_DN2323_c0_g1_i2:54-677   -            208 6952at3041           -            221   0.00011   19.7   0.0   1   1   4.6e-07   0.00014   19.3   0.0    81   189    34   152    21   162 0.81 -
TRINITY_DN639_c0_g1_i1:863-1432  -            190 6952at3041           -            221   0.00056   17.4   0.0   1   1     2e-06   0.00059   17.3   0.0    56   153    58   157     8   188 0.81 -
TRINITY_DN639_c0_g1_i2:920-1489  -            190 6952at3041           -            221   0.00056   17.4   0.0   1   1     2e-06   0.00059   17.3   0.0    56   153    58   157     8   188 0.81 -
TRINITY_DN639_c0_g1_i4:364-933   -            190 6952at3041           -            221   0.00056   17.4   0.0   1   1     2e-06   0.00059   17.3   0.0    56   153    58   157     8   188 0.81 -
TRINITY_DN639_c0_g1_i5:997-1566  -            190 6952at3041           -            221   0.00056   17.4   0.0   1   1     2e-06   0.00059   17.3   0.0    56   153    58   157     8   188 0.81 -
TRINITY_DN35484_c0_g1_i1:302-694 -            131 6952at3041           -            221   0.00058   17.3   0.0   1   1   2.2e-06   0.00066   17.1   0.0    84   138    24    77     4    95 0.82 -
TRINITY_DN17000_c0_g3_i1:278-790 -            171 6952at3041           -            221    0.0012   16.3   0.0   1   2   8.1e-06    0.0024   15.3   0.0    86   177     6   103     1   110 0.87 -
TRINITY_DN17000_c0_g3_i1:278-790 -            171 6952at3041           -            221    0.0012   16.3   0.0   2   2      0.54   1.6e+02   -0.5   0.0     5    52   100   145    96   150 0.75 -
TRINITY_DN16938_c0_g1_i2:169-546 -            126 6952at3041           -            221     0.013   12.9   0.0   1   1   5.5e-05     0.017   12.6   0.0    85   176    23   120    18   125 0.82 -
TRINITY_DN44598_c0_g1_i1:21-338  -            106 6952at3041           -            221     0.018   12.5   0.0   1   1   5.9e-05     0.018   12.5   0.0    87   136     3    54     1   101 0.77 -
TRINITY_DN22617_c0_g1_i1:379-846 -            156 6952at3041           -            221     0.019   12.4   0.0   1   1   6.9e-05     0.021   12.2   0.0    78   132    13    69     7   120 0.80 -
#
# Program:         hmmsearch
# Version:         3.2.1 (June 2018)
# Pipeline mode:   SEARCH
# Query file:      /sw/bioinfo/BUSCO/v5_lineage_sets/lineages/chlorophyta_odb10/hmms/6952at3041.hmm
# Target file:     /crex/proj/snic2022-23-81/expression_algae/code/busco/trinity_VA-3180-Osg10Sin/run_chlorophyta_odb10/metaeuk_output/rerun_results/trinity_VA-3180-Osg10Sin.Trinity.fasta.modified.fas
# Option settings: hmmsearch --domtblout /crex/proj/snic2022-23-81/expression_algae/code/busco/trinity_VA-3180-Osg10Sin/run_chlorophyta_odb10/hmmer_output/rerun_results/6952at3041.out --cpu 1 /sw/bioinfo/BUSCO/v5_lineage_sets/lineages/chlorophyta_odb10/hmms/6952at3041.hmm /crex/proj/snic2022-23-81/expression_algae/code/busco/trinity_VA-3180-Osg10Sin/run_chlorophyta_odb10/metaeuk_output/rerun_results/trinity_VA-3180-Osg10Sin.Trinity.fasta.modified.fas 
# Current dir:     /crex/proj/snic2022-23-81/expression_algae/code/busco
# Date:            Fri Sep 23 10:15:30 2022
# [ok]
