#                                                                                        --- full sequence --- -------------- this domain -------------   hmm coord   ali coord   env coord
# target name                    accession   tlen query name           accession   qlen   E-value  score  bias   #  of  c-Evalue  i-Evalue  score  bias  from    to  from    to  from    to  acc description of target
#            ------------------- ---------- ----- -------------------- ---------- ----- --------- ------ ----- --- --- --------- --------- ------ ----- ----- ----- ----- ----- ----- ----- ---- ---------------------
TRINITY_DN89782_c0_g1_i1:14-238  -             75 8248at3041           -            146   2.6e-34  115.7   0.0   1   1   5.4e-37     3e-34  115.5   0.0    16    84     1    75     1    75 0.95 -
TRINITY_DN3434_c0_g1_i3:97-483   -            129 8248at3041           -            146   1.5e-13   48.3   0.8   1   2   6.7e-06    0.0037   14.6   0.0    84   113    16    45     1    64 0.76 -
TRINITY_DN3434_c0_g1_i3:97-483   -            129 8248at3041           -            146   1.5e-13   48.3   0.8   2   2   2.1e-11   1.1e-08   32.5   0.2    62   121    67   125    63   129 0.93 -
TRINITY_DN10460_c0_g1_i1:252-683 -            144 8248at3041           -            146   1.3e-12   45.3   0.4   1   1   3.1e-14   1.7e-11   41.7   0.4    63   128    52   117     1   143 0.78 -
TRINITY_DN1432_c0_g1_i1:43-372   -            110 8248at3041           -            146   1.6e-11   41.8   1.3   1   2   3.1e-05     0.017   12.5   0.0    88   113     1    26     1    43 0.82 -
TRINITY_DN1432_c0_g1_i1:43-372   -            110 8248at3041           -            146   1.6e-11   41.8   1.3   2   2   3.6e-10     2e-07   28.5   0.4    62   121    48   106    37   110 0.89 -
TRINITY_DN48095_c0_g1_i1:101-475 -            125 8248at3041           -            146   0.00043   17.7   0.0   1   2      0.31   1.7e+02   -0.5   0.0    26    46     2    22     1    39 0.68 -
TRINITY_DN48095_c0_g1_i1:101-475 -            125 8248at3041           -            146   0.00043   17.7   0.0   2   2   2.9e-06    0.0016   15.8   0.0    64   105    57    97    53   116 0.80 -
TRINITY_DN16609_c0_g1_i2:17-499  -            161 8248at3041           -            146     0.021   12.2   0.0   1   2   7.5e-05     0.041   11.2   0.0    83   108   100   125    74   153 0.81 -
TRINITY_DN16609_c0_g1_i2:17-499  -            161 8248at3041           -            146     0.021   12.2   0.0   2   2       1.3   7.4e+02   -2.6   0.0    86   100   139   153   131   159 0.67 -
#
# Program:         hmmsearch
# Version:         3.2.1 (June 2018)
# Pipeline mode:   SEARCH
# Query file:      /sw/bioinfo/BUSCO/v5_lineage_sets/lineages/chlorophyta_odb10/hmms/8248at3041.hmm
# Target file:     /crex/proj/snic2022-23-81/expression_algae/code/busco/trinity_VA-3180-Osg10Sin/run_chlorophyta_odb10/metaeuk_output/rerun_results/trinity_VA-3180-Osg10Sin.Trinity.fasta.modified.fas
# Option settings: hmmsearch --domtblout /crex/proj/snic2022-23-81/expression_algae/code/busco/trinity_VA-3180-Osg10Sin/run_chlorophyta_odb10/hmmer_output/rerun_results/8248at3041.out --cpu 1 /sw/bioinfo/BUSCO/v5_lineage_sets/lineages/chlorophyta_odb10/hmms/8248at3041.hmm /crex/proj/snic2022-23-81/expression_algae/code/busco/trinity_VA-3180-Osg10Sin/run_chlorophyta_odb10/metaeuk_output/rerun_results/trinity_VA-3180-Osg10Sin.Trinity.fasta.modified.fas 
# Current dir:     /crex/proj/snic2022-23-81/expression_algae/code/busco
# Date:            Fri Sep 23 10:15:31 2022
# [ok]
