#                                                                                        --- full sequence --- -------------- this domain -------------   hmm coord   ali coord   env coord
# target name                    accession   tlen query name           accession   qlen   E-value  score  bias   #  of  c-Evalue  i-Evalue  score  bias  from    to  from    to  from    to  acc description of target
#            ------------------- ---------- ----- -------------------- ---------- ----- --------- ------ ----- --- --- --------- --------- ------ ----- ----- ----- ----- ----- ----- ----- ---- ---------------------
TRINITY_DN12817_c0_g1_i1:0-161   -             54 2390at3041           -            376   3.5e-31  104.6   0.2   1   1   2.7e-33   3.8e-31  104.5   0.2     1    54     1    54     1    54 0.99 -
TRINITY_DN28510_c0_g1_i1:248-418 -             57 2390at3041           -            376   1.5e-10   36.7   0.0   1   1   1.1e-12   1.6e-10   36.6   0.0   141   191     1    56     1    57 0.85 -
TRINITY_DN12817_c0_g1_i2:9-158   -             50 2390at3041           -            376   2.9e-10   35.7   0.0   1   1     2e-12   2.9e-10   35.7   0.0     1    37     1    39     1    50 0.80 -
TRINITY_DN5790_c0_g1_i1:1-1278   -            426 2390at3041           -            376   3.6e-06   22.3   0.0   1   2      0.59        84   -2.0   0.0   235   287    20    67    10    72 0.78 -
TRINITY_DN5790_c0_g1_i1:1-1278   -            426 2390at3041           -            376   3.6e-06   22.3   0.0   2   2   1.1e-07   1.6e-05   20.1   0.0   141   257   171   294   164   303 0.72 -
TRINITY_DN15_c0_g1_i8:26-1273    -            416 2390at3041           -            376   1.6e-05   20.1   0.0   1   1     4e-07   5.7e-05   18.3   0.0    54   174   217   355   199   385 0.65 -
TRINITY_DN15_c0_g1_i4:13-1863    -            617 2390at3041           -            376     4e-05   18.8   0.0   1   1   8.6e-07   0.00012   17.2   0.0    54   174   217   355   199   385 0.65 -
TRINITY_DN15_c0_g1_i2:4-1173     -            390 2390at3041           -            376   0.00031   15.9   0.0   1   1   5.6e-06   0.00079   14.5   0.0   135   174    86   125     8   151 0.57 -
TRINITY_DN15_c0_g1_i7:49-1152    -            368 2390at3041           -            376   0.00042   15.5   0.0   1   1   6.5e-06   0.00092   14.3   0.0   135   174    79   118     8   148 0.63 -
TRINITY_DN16754_c0_g1_i1:12-629  -            206 2390at3041           -            376    0.0084   11.2   0.0   1   1   8.3e-05     0.012   10.7   0.0   139   194     9    70     4    98 0.79 -
TRINITY_DN988_c0_g1_i10:966-3320 -            785 2390at3041           -            376     0.024    9.7   2.1   1   1   0.00053     0.075    8.0   2.1   211   264    92   147     1   174 0.76 -
#
# Program:         hmmsearch
# Version:         3.2.1 (June 2018)
# Pipeline mode:   SEARCH
# Query file:      /sw/bioinfo/BUSCO/v5_lineage_sets/lineages/chlorophyta_odb10/hmms/2390at3041.hmm
# Target file:     /crex/proj/snic2022-23-81/expression_algae/code/busco/trinity_VA-3180-Osg03Pal/run_chlorophyta_odb10/metaeuk_output/initial_results/trinity_VA-3180-Osg03Pal.Trinity.fasta.modified.fas
# Option settings: hmmsearch --domtblout /crex/proj/snic2022-23-81/expression_algae/code/busco/trinity_VA-3180-Osg03Pal/run_chlorophyta_odb10/hmmer_output/initial_run_results/2390at3041.out --cpu 1 /sw/bioinfo/BUSCO/v5_lineage_sets/lineages/chlorophyta_odb10/hmms/2390at3041.hmm /crex/proj/snic2022-23-81/expression_algae/code/busco/trinity_VA-3180-Osg03Pal/run_chlorophyta_odb10/metaeuk_output/initial_results/trinity_VA-3180-Osg03Pal.Trinity.fasta.modified.fas 
# Current dir:     /crex/proj/snic2022-23-81/expression_algae/code/busco
# Date:            Fri Sep 23 10:11:08 2022
# [ok]
