#                                                                                        --- full sequence --- -------------- this domain -------------   hmm coord   ali coord   env coord
# target name                    accession   tlen query name           accession   qlen   E-value  score  bias   #  of  c-Evalue  i-Evalue  score  bias  from    to  from    to  from    to  acc description of target
#            ------------------- ---------- ----- -------------------- ---------- ----- --------- ------ ----- --- --- --------- --------- ------ ----- ----- ----- ----- ----- ----- ----- ---- ---------------------
TRINITY_DN1801_c0_g2_i1:1-483    -            161 3028at3041           -            232   1.8e-51  171.3   0.2   1   1   6.5e-54   2.3e-51  171.0   0.2   107   231     6   154     5   155 0.89 -
TRINITY_DN1801_c0_g1_i1:0-413    -            138 3028at3041           -            232     4e-46  153.9   0.5   1   1   1.4e-48     5e-46  153.6   0.5     1   107    17   137    17   138 0.89 -
TRINITY_DN1414_c0_g1_i3:2-1226   -            383 3028at3041           -            232    0.0047   13.0   0.1   1   4      0.43   1.5e+02   -1.8   0.0    61    84    90   113    74   124 0.67 -
TRINITY_DN1414_c0_g1_i3:2-1226   -            383 3028at3041           -            232    0.0047   13.0   0.1   2   4   0.00019     0.068    9.2   0.0   181   203   172   194   159   203 0.76 -
TRINITY_DN1414_c0_g1_i3:2-1226   -            383 3028at3041           -            232    0.0047   13.0   0.1   3   4      0.24        85   -1.0   0.0   183   203   213   233   201   247 0.67 -
TRINITY_DN1414_c0_g1_i3:2-1226   -            383 3028at3041           -            232    0.0047   13.0   0.1   4   4       1.5   5.4e+02   -3.6   0.0   176   202   286   310   280   313 0.72 -
TRINITY_DN1414_c0_g1_i1:190-1341 -            384 3028at3041           -            232    0.0047   12.9   0.1   1   4      0.44   1.5e+02   -1.8   0.0    61    84    90   113    74   124 0.67 -
TRINITY_DN1414_c0_g1_i1:190-1341 -            384 3028at3041           -            232    0.0047   12.9   0.1   2   4   0.00019     0.068    9.1   0.0   181   203   172   194   159   203 0.76 -
TRINITY_DN1414_c0_g1_i1:190-1341 -            384 3028at3041           -            232    0.0047   12.9   0.1   3   4      0.24        86   -1.0   0.0   183   203   213   233   201   247 0.67 -
TRINITY_DN1414_c0_g1_i1:190-1341 -            384 3028at3041           -            232    0.0047   12.9   0.1   4   4       1.5   5.4e+02   -3.6   0.0   176   202   286   310   280   313 0.72 -
#
# Program:         hmmsearch
# Version:         3.2.1 (June 2018)
# Pipeline mode:   SEARCH
# Query file:      /sw/bioinfo/BUSCO/v5_lineage_sets/lineages/chlorophyta_odb10/hmms/3028at3041.hmm
# Target file:     /crex/proj/snic2022-23-81/expression_algae/code/busco/trinity_VA-3180-Osg03Pal/run_chlorophyta_odb10/metaeuk_output/initial_results/trinity_VA-3180-Osg03Pal.Trinity.fasta.modified.fas
# Option settings: hmmsearch --domtblout /crex/proj/snic2022-23-81/expression_algae/code/busco/trinity_VA-3180-Osg03Pal/run_chlorophyta_odb10/hmmer_output/initial_run_results/3028at3041.out --cpu 1 /sw/bioinfo/BUSCO/v5_lineage_sets/lineages/chlorophyta_odb10/hmms/3028at3041.hmm /crex/proj/snic2022-23-81/expression_algae/code/busco/trinity_VA-3180-Osg03Pal/run_chlorophyta_odb10/metaeuk_output/initial_results/trinity_VA-3180-Osg03Pal.Trinity.fasta.modified.fas 
# Current dir:     /crex/proj/snic2022-23-81/expression_algae/code/busco
# Date:            Fri Sep 23 10:11:09 2022
# [ok]
