#                                                                                        --- full sequence --- -------------- this domain -------------   hmm coord   ali coord   env coord
# target name                    accession   tlen query name           accession   qlen   E-value  score  bias   #  of  c-Evalue  i-Evalue  score  bias  from    to  from    to  from    to  acc description of target
#            ------------------- ---------- ----- -------------------- ---------- ----- --------- ------ ----- --- --- --------- --------- ------ ----- ----- ----- ----- ----- ----- ----- ---- ---------------------
TRINITY_DN12817_c0_g1_i1:0-161   -             54 3408at3041           -            367   2.7e-11   39.5   0.0   1   1   1.7e-13   2.7e-11   39.5   0.0   175   227     1    53     1    54 0.91 -
TRINITY_DN28510_c0_g1_i1:248-418 -             57 3408at3041           -            367   5.5e-10   35.2   0.0   1   1   3.6e-12   5.7e-10   35.1   0.0   175   230     1    56     1    57 0.96 -
TRINITY_DN12817_c0_g1_i2:9-158   -             50 3408at3041           -            367   6.4e-09   31.7   0.0   1   1   4.2e-11   6.5e-09   31.6   0.0   175   214     1    42     1    49 0.84 -
TRINITY_DN5790_c0_g1_i1:1-1278   -            426 3408at3041           -            367   3.1e-06   22.8   0.0   1   1   3.4e-08   5.4e-06   22.0   0.0   174   266   170   265   150   280 0.78 -
TRINITY_DN16754_c0_g1_i1:12-629  -            206 3408at3041           -            367   0.00051   15.5   0.0   1   1   4.3e-06   0.00068   15.1   0.0   171   316     7   148     2   172 0.77 -
TRINITY_DN15_c0_g1_i2:4-1173     -            390 3408at3041           -            367     0.001   14.5   0.0   1   1   1.3e-05     0.002   13.6   0.0   170   207    87   124    72   127 0.80 -
TRINITY_DN15_c0_g1_i8:26-1273    -            416 3408at3041           -            367    0.0012   14.4   0.0   1   1   1.4e-05    0.0022   13.4   0.0   170   207   317   354   302   357 0.80 -
TRINITY_DN15_c0_g1_i4:13-1863    -            617 3408at3041           -            367    0.0017   13.8   0.0   1   1   2.3e-05    0.0037   12.7   0.0   170   207   317   354   302   357 0.80 -
TRINITY_DN15_c0_g1_i7:49-1152    -            368 3408at3041           -            367    0.0019   13.7   0.0   1   2   1.2e-05    0.0019   13.7   0.0   170   207    80   117    65   120 0.80 -
TRINITY_DN15_c0_g1_i7:49-1152    -            368 3408at3041           -            367    0.0019   13.7   0.0   2   2       5.4   8.5e+02   -4.9   1.1   108   117   289   298   271   315 0.44 -
#
# Program:         hmmsearch
# Version:         3.2.1 (June 2018)
# Pipeline mode:   SEARCH
# Query file:      /sw/bioinfo/BUSCO/v5_lineage_sets/lineages/chlorophyta_odb10/hmms/3408at3041.hmm
# Target file:     /crex/proj/snic2022-23-81/expression_algae/code/busco/trinity_VA-3180-Osg03Pal/run_chlorophyta_odb10/metaeuk_output/initial_results/trinity_VA-3180-Osg03Pal.Trinity.fasta.modified.fas
# Option settings: hmmsearch --domtblout /crex/proj/snic2022-23-81/expression_algae/code/busco/trinity_VA-3180-Osg03Pal/run_chlorophyta_odb10/hmmer_output/initial_run_results/3408at3041.out --cpu 1 /sw/bioinfo/BUSCO/v5_lineage_sets/lineages/chlorophyta_odb10/hmms/3408at3041.hmm /crex/proj/snic2022-23-81/expression_algae/code/busco/trinity_VA-3180-Osg03Pal/run_chlorophyta_odb10/metaeuk_output/initial_results/trinity_VA-3180-Osg03Pal.Trinity.fasta.modified.fas 
# Current dir:     /crex/proj/snic2022-23-81/expression_algae/code/busco
# Date:            Fri Sep 23 10:11:09 2022
# [ok]
