#                                                                                        --- full sequence --- -------------- this domain -------------   hmm coord   ali coord   env coord
# target name                    accession   tlen query name           accession   qlen   E-value  score  bias   #  of  c-Evalue  i-Evalue  score  bias  from    to  from    to  from    to  acc description of target
#            ------------------- ---------- ----- -------------------- ---------- ----- --------- ------ ----- --- --- --------- --------- ------ ----- ----- ----- ----- ----- ----- ----- ---- ---------------------
TRINITY_DN20084_c0_g1_i1:1-471   -            157 415at3041            -            433   8.6e-63  208.7   1.5   1   1   4.3e-65     1e-62  208.5   1.5     1   124     1   138     1   149 0.91 -
TRINITY_DN705_c0_g1_i2:1-1236    -            412 415at3041            -            433   7.9e-08   27.6   0.8   1   3   0.00068      0.16    6.8   0.0   162   244   132   221   121   232 0.82 -
TRINITY_DN705_c0_g1_i2:1-1236    -            412 415at3041            -            433   7.9e-08   27.6   0.8   2   3   1.1e-06   0.00025   16.1   0.0   161   236   280   353   227   361 0.84 -
TRINITY_DN705_c0_g1_i2:1-1236    -            412 415at3041            -            433   7.9e-08   27.6   0.8   3   3     0.047        11    0.7   0.1   187   231   362   405   357   411 0.60 -
TRINITY_DN4592_c0_g1_i1:276-1190 -            305 415at3041            -            433   0.00016   16.7   0.2   1   2    0.0082       1.9    3.2   0.0   288   350    56   118    19   156 0.85 -
TRINITY_DN4592_c0_g1_i1:276-1190 -            305 415at3041            -            433   0.00016   16.7   0.2   2   2   2.1e-05    0.0051   11.8   0.0   258   318   234   295   199   303 0.77 -
TRINITY_DN6114_c0_g1_i1:154-576  -            141 415at3041            -            433     0.002   13.1   0.2   1   2   3.8e-05     0.009   10.9   0.1   179   234    36    92    25   111 0.80 -
TRINITY_DN6114_c0_g1_i1:154-576  -            141 415at3041            -            433     0.002   13.1   0.2   2   2     0.079        19    0.0   0.0   198   230   105   137    95   140 0.71 -
TRINITY_DN25818_c0_g1_i1:72-413  -            114 415at3041            -            433    0.0021   13.0   0.1   1   1   1.1e-05    0.0026   12.7   0.1   166   255    12    96     7   104 0.88 -
TRINITY_DN31967_c0_g1_i1:85-423  -            113 415at3041            -            433      0.01   10.8   0.5   1   1   0.00051      0.12    7.2   0.5   259   296    47    86     2   112 0.41 -
#
# Program:         hmmsearch
# Version:         3.2.1 (June 2018)
# Pipeline mode:   SEARCH
# Query file:      /sw/bioinfo/BUSCO/v5_lineage_sets/lineages/chlorophyta_odb10/hmms/415at3041.hmm
# Target file:     /crex/proj/snic2022-23-81/expression_algae/code/busco/trinity_VA-3180-Osg03Pal/run_chlorophyta_odb10/metaeuk_output/initial_results/trinity_VA-3180-Osg03Pal.Trinity.fasta.modified.fas
# Option settings: hmmsearch --domtblout /crex/proj/snic2022-23-81/expression_algae/code/busco/trinity_VA-3180-Osg03Pal/run_chlorophyta_odb10/hmmer_output/initial_run_results/415at3041.out --cpu 1 /sw/bioinfo/BUSCO/v5_lineage_sets/lineages/chlorophyta_odb10/hmms/415at3041.hmm /crex/proj/snic2022-23-81/expression_algae/code/busco/trinity_VA-3180-Osg03Pal/run_chlorophyta_odb10/metaeuk_output/initial_results/trinity_VA-3180-Osg03Pal.Trinity.fasta.modified.fas 
# Current dir:     /crex/proj/snic2022-23-81/expression_algae/code/busco
# Date:            Fri Sep 23 10:11:09 2022
# [ok]
