#                                                                                       --- full sequence --- -------------- this domain -------------   hmm coord   ali coord   env coord
# target name                   accession   tlen query name           accession   qlen   E-value  score  bias   #  of  c-Evalue  i-Evalue  score  bias  from    to  from    to  from    to  acc description of target
#           ------------------- ---------- ----- -------------------- ---------- ----- --------- ------ ----- --- --- --------- --------- ------ ----- ----- ----- ----- ----- ----- ----- ---- ---------------------
TRINITY_DN3096_c0_g2_i1:14-436  -            141 4160at3041           -            370   1.6e-44  149.0   1.4   1   1   1.3e-46   3.6e-44  147.8   1.4    95   212     1   141     1   141 0.90 -
TRINITY_DN305_c0_g1_i4:247-1173 -            309 4160at3041           -            370   3.3e-17   59.1  15.4   1   4    0.0013      0.36    6.3   0.5    89   124     1    36     1    52 0.89 -
TRINITY_DN305_c0_g1_i4:247-1173 -            309 4160at3041           -            370   3.3e-17   59.1  15.4   2   4   3.7e-06     0.001   14.7   0.2    36    75    57    97    41   108 0.76 -
TRINITY_DN305_c0_g1_i4:247-1173 -            309 4160at3041           -            370   3.3e-17   59.1  15.4   3   4   5.9e-09   1.7e-06   23.9   0.9    41   125   124   220   115   231 0.75 -
TRINITY_DN305_c0_g1_i4:247-1173 -            309 4160at3041           -            370   3.3e-17   59.1  15.4   4   4   1.6e-08   4.4e-06   22.5   0.2    25    85   231   294   217   298 0.66 -
TRINITY_DN305_c0_g1_i2:301-1131 -            277 4160at3041           -            370   6.2e-16   54.9  13.6   1   3   3.5e-06   0.00098   14.8   0.5    36    75    39    79    20    88 0.75 -
TRINITY_DN305_c0_g1_i2:301-1131 -            277 4160at3041           -            370   6.2e-16   54.9  13.6   2   3   5.9e-09   1.7e-06   23.9   1.0    41   125   106   202    99   211 0.75 -
TRINITY_DN305_c0_g1_i2:301-1131 -            277 4160at3041           -            370   6.2e-16   54.9  13.6   3   3   1.6e-08   4.6e-06   22.4   0.1    22    85   210   276   199   277 0.70 -
TRINITY_DN2143_c0_g2_i1:44-409  -            122 4160at3041           -            370   3.2e-13   46.0   0.6   1   2   0.00034     0.097    8.2   0.0    59    82     2    25     1    35 0.85 -
TRINITY_DN2143_c0_g2_i1:44-409  -            122 4160at3041           -            370   3.2e-13   46.0   0.6   2   2     7e-13     2e-10   36.8   0.1    39   112    45   121    31   122 0.86 -
TRINITY_DN793_c0_g3_i2:154-435  -             94 4160at3041           -            370    0.0027   13.3   0.1   1   1   9.7e-06    0.0028   13.3   0.1    46   117    14    87     3    93 0.63 -
#
# Program:         hmmsearch
# Version:         3.2.1 (June 2018)
# Pipeline mode:   SEARCH
# Query file:      /sw/bioinfo/BUSCO/v5_lineage_sets/lineages/chlorophyta_odb10/hmms/4160at3041.hmm
# Target file:     /crex/proj/snic2022-23-81/expression_algae/code/busco/trinity_VA-3180-Osg03Pal/run_chlorophyta_odb10/metaeuk_output/initial_results/trinity_VA-3180-Osg03Pal.Trinity.fasta.modified.fas
# Option settings: hmmsearch --domtblout /crex/proj/snic2022-23-81/expression_algae/code/busco/trinity_VA-3180-Osg03Pal/run_chlorophyta_odb10/hmmer_output/initial_run_results/4160at3041.out --cpu 1 /sw/bioinfo/BUSCO/v5_lineage_sets/lineages/chlorophyta_odb10/hmms/4160at3041.hmm /crex/proj/snic2022-23-81/expression_algae/code/busco/trinity_VA-3180-Osg03Pal/run_chlorophyta_odb10/metaeuk_output/initial_results/trinity_VA-3180-Osg03Pal.Trinity.fasta.modified.fas 
# Current dir:     /crex/proj/snic2022-23-81/expression_algae/code/busco
# Date:            Fri Sep 23 10:11:09 2022
# [ok]
