#                                                                                        --- full sequence --- -------------- this domain -------------   hmm coord   ali coord   env coord
# target name                    accession   tlen query name           accession   qlen   E-value  score  bias   #  of  c-Evalue  i-Evalue  score  bias  from    to  from    to  from    to  acc description of target
#            ------------------- ---------- ----- -------------------- ---------- ----- --------- ------ ----- --- --- --------- --------- ------ ----- ----- ----- ----- ----- ----- ----- ---- ---------------------
TRINITY_DN200_c0_g1_i2:171-614   -            148 4312at3041           -            154   1.5e-15   54.0   0.1   1   1     1e-16   1.4e-14   50.8   0.1     4   121     2   133     1   146 0.72 -
TRINITY_DN294_c0_g1_i1:352-810   -            153 4312at3041           -            154   4.2e-13   46.1   0.2   1   1   2.8e-14     4e-12   42.9   0.2     5   120     2   138     1   152 0.71 -
TRINITY_DN294_c0_g1_i2:352-810   -            153 4312at3041           -            154   4.2e-13   46.1   0.2   1   1   2.8e-14     4e-12   42.9   0.2     5   120     2   138     1   152 0.71 -
TRINITY_DN200_c0_g1_i3:116-556   -            147 4312at3041           -            154   8.8e-13   45.0   0.0   1   1   8.9e-15   1.3e-12   44.5   0.0     5   116     1   128     1   145 0.77 -
TRINITY_DN18458_c0_g1_i1:5-466   -            154 4312at3041           -            154   2.6e-09   33.8   0.0   1   1   4.2e-11     6e-09   32.6   0.0     3   120     6   137     4   144 0.76 -
TRINITY_DN10469_c0_g2_i1:10-435  -            142 4312at3041           -            154   4.4e-08   29.8   0.1   1   1   8.9e-10   1.3e-07   28.3   0.1    30   129    27   135     1   142 0.73 -
TRINITY_DN10469_c0_g3_i1:144-497 -            118 4312at3041           -            154   7.7e-08   29.0   0.0   1   1   8.4e-10   1.2e-07   28.3   0.0     5   108     1   118     1   118 0.74 -
TRINITY_DN16557_c0_g1_i1:0-341   -            114 4312at3041           -            154   6.5e-06   22.7   0.0   1   1   5.6e-08   7.9e-06   22.4   0.0     2    44     5    49     4   113 0.81 -
TRINITY_DN2078_c0_g1_i1:4-666    -            221 4312at3041           -            154   0.00069   16.1   0.0   1   2   8.4e-05     0.012   12.1   0.0    90   128    31    69     6    84 0.91 -
TRINITY_DN2078_c0_g1_i1:4-666    -            221 4312at3041           -            154   0.00069   16.1   0.0   2   2      0.13        19    1.7   0.0     4    28   141   165   139   172 0.88 -
TRINITY_DN10469_c0_g1_i1:4-246   -             81 4312at3041           -            154    0.0095   12.4   0.0   1   1   7.9e-05     0.011   12.2   0.0    15    79     2    73     1    76 0.60 -
#
# Program:         hmmsearch
# Version:         3.2.1 (June 2018)
# Pipeline mode:   SEARCH
# Query file:      /sw/bioinfo/BUSCO/v5_lineage_sets/lineages/chlorophyta_odb10/hmms/4312at3041.hmm
# Target file:     /crex/proj/snic2022-23-81/expression_algae/code/busco/trinity_VA-3180-Osg03Pal/run_chlorophyta_odb10/metaeuk_output/initial_results/trinity_VA-3180-Osg03Pal.Trinity.fasta.modified.fas
# Option settings: hmmsearch --domtblout /crex/proj/snic2022-23-81/expression_algae/code/busco/trinity_VA-3180-Osg03Pal/run_chlorophyta_odb10/hmmer_output/initial_run_results/4312at3041.out --cpu 1 /sw/bioinfo/BUSCO/v5_lineage_sets/lineages/chlorophyta_odb10/hmms/4312at3041.hmm /crex/proj/snic2022-23-81/expression_algae/code/busco/trinity_VA-3180-Osg03Pal/run_chlorophyta_odb10/metaeuk_output/initial_results/trinity_VA-3180-Osg03Pal.Trinity.fasta.modified.fas 
# Current dir:     /crex/proj/snic2022-23-81/expression_algae/code/busco
# Date:            Fri Sep 23 10:11:10 2022
# [ok]
