#                                                                                        --- full sequence --- -------------- this domain -------------   hmm coord   ali coord   env coord
# target name                    accession   tlen query name           accession   qlen   E-value  score  bias   #  of  c-Evalue  i-Evalue  score  bias  from    to  from    to  from    to  acc description of target
#            ------------------- ---------- ----- -------------------- ---------- ----- --------- ------ ----- --- --- --------- --------- ------ ----- ----- ----- ----- ----- ----- ----- ---- ---------------------
TRINITY_DN12193_c0_g1_i1:130-351 -             74 4624at3041           -            517   0.00047   15.2   0.0   1   1   3.8e-06   0.00053   15.1   0.0   472   515    27    72    23    74 0.86 -
TRINITY_DN3905_c0_g1_i1:149-397  -             83 4624at3041           -            517    0.0006   14.9   0.0   1   1   4.2e-06    0.0006   14.9   0.0   477   516    38    77     8    78 0.87 -
TRINITY_DN3905_c0_g1_i2:224-514  -             97 4624at3041           -            517    0.0008   14.5   0.0   1   1   5.6e-06    0.0008   14.5   0.0   477   516    52    91    14    92 0.87 -
TRINITY_DN176_c0_g1_i1:36-302    -             89 4624at3041           -            517    0.0013   13.8   0.0   1   1   1.1e-05    0.0016   13.5   0.0   480   512    47    79    41    83 0.90 -
TRINITY_DN176_c0_g1_i3:36-302    -             89 4624at3041           -            517    0.0013   13.8   0.0   1   1   1.1e-05    0.0016   13.5   0.0   480   512    47    79    41    83 0.90 -
TRINITY_DN176_c0_g1_i4:36-302    -             89 4624at3041           -            517    0.0013   13.8   0.0   1   1   1.1e-05    0.0016   13.5   0.0   480   512    47    79    41    83 0.90 -
TRINITY_DN176_c0_g1_i7:36-302    -             89 4624at3041           -            517    0.0013   13.8   0.0   1   1   1.1e-05    0.0016   13.5   0.0   480   512    47    79    41    83 0.90 -
TRINITY_DN338_c0_g1_i2:106-291   -             62 4624at3041           -            517    0.0025   12.8   0.0   1   1     2e-05    0.0029   12.6   0.0   479   515    25    62    20    62 0.91 -
TRINITY_DN121_c0_g1_i1:65-298    -             78 4624at3041           -            517    0.0028   12.7   0.0   1   1   2.1e-05     0.003   12.6   0.0   478   516    36    74    22    75 0.94 -
TRINITY_DN1639_c0_g1_i1:868-1365 -            166 4624at3041           -            517     0.013   10.5   0.0   1   2     0.073        10    0.9   0.0   480   514    44    82    40    86 0.78 -
TRINITY_DN1639_c0_g1_i1:868-1365 -            166 4624at3041           -            517     0.013   10.5   0.0   2   2   0.00067     0.095    7.6   0.0   479   509   133   164   100   166 0.89 -
#
# Program:         hmmsearch
# Version:         3.2.1 (June 2018)
# Pipeline mode:   SEARCH
# Query file:      /sw/bioinfo/BUSCO/v5_lineage_sets/lineages/chlorophyta_odb10/hmms/4624at3041.hmm
# Target file:     /crex/proj/snic2022-23-81/expression_algae/code/busco/trinity_VA-3180-Osg03Pal/run_chlorophyta_odb10/metaeuk_output/initial_results/trinity_VA-3180-Osg03Pal.Trinity.fasta.modified.fas
# Option settings: hmmsearch --domtblout /crex/proj/snic2022-23-81/expression_algae/code/busco/trinity_VA-3180-Osg03Pal/run_chlorophyta_odb10/hmmer_output/initial_run_results/4624at3041.out --cpu 1 /sw/bioinfo/BUSCO/v5_lineage_sets/lineages/chlorophyta_odb10/hmms/4624at3041.hmm /crex/proj/snic2022-23-81/expression_algae/code/busco/trinity_VA-3180-Osg03Pal/run_chlorophyta_odb10/metaeuk_output/initial_results/trinity_VA-3180-Osg03Pal.Trinity.fasta.modified.fas 
# Current dir:     /crex/proj/snic2022-23-81/expression_algae/code/busco
# Date:            Fri Sep 23 10:11:10 2022
# [ok]
