#                                                                                        --- full sequence --- -------------- this domain -------------   hmm coord   ali coord   env coord
# target name                    accession   tlen query name           accession   qlen   E-value  score  bias   #  of  c-Evalue  i-Evalue  score  bias  from    to  from    to  from    to  acc description of target
#            ------------------- ---------- ----- -------------------- ---------- ----- --------- ------ ----- --- --- --------- --------- ------ ----- ----- ----- ----- ----- ----- ----- ---- ---------------------
TRINITY_DN28591_c0_g1_i1:7-606   -            200 5060at3041           -            179  2.6e-108  356.2   4.6   1   2     4e-37   9.6e-35  116.5   0.1     1    55     1    55     1    60 0.98 -
TRINITY_DN28591_c0_g1_i1:7-606   -            200 5060at3041           -            179  2.6e-108  356.2   4.6   2   2   1.9e-75   4.5e-73  241.4   1.2    53   170    73   190    56   196 0.96 -
TRINITY_DN1639_c0_g1_i1:868-1365 -            166 5060at3041           -            179     1e-08   31.8   0.1   1   3   8.6e-07    0.0002   17.7   0.0    65   125    18    82     6    91 0.87 -
TRINITY_DN1639_c0_g1_i1:868-1365 -            166 5060at3041           -            179     1e-08   31.8   0.1   2   3      0.29        69   -0.3   0.0    90   108    93   111    85   117 0.84 -
TRINITY_DN1639_c0_g1_i1:868-1365 -            166 5060at3041           -            179     1e-08   31.8   0.1   3   3   6.9e-05     0.016   11.5   0.1    67   121   111   165    94   166 0.88 -
TRINITY_DN5129_c0_g1_i1:105-347  -             81 5060at3041           -            179   0.00083   15.7   0.0   1   1   3.9e-06   0.00093   15.6   0.0    58   125    13    80     7    81 0.94 -
TRINITY_DN276_c0_g1_i2:1102-1764 -            221 5060at3041           -            179    0.0018   14.7   0.0   1   2   0.00037     0.086    9.2   0.0    63   122    31    91    12   104 0.89 -
TRINITY_DN276_c0_g1_i2:1102-1764 -            221 5060at3041           -            179    0.0018   14.7   0.0   2   2     0.018       4.3    3.7   0.0    69   120   168   219   159   221 0.85 -
TRINITY_DN24787_c0_g1_i1:28-411  -            128 5060at3041           -            179     0.004   13.5   0.0   1   1   1.9e-05    0.0045   13.4   0.0    63   141    32   109     7   118 0.84 -
TRINITY_DN12193_c0_g1_i1:130-351 -             74 5060at3041           -            179    0.0053   13.1   0.0   1   1   2.3e-05    0.0055   13.1   0.0    82   123    28    69     7    73 0.84 -
#
# Program:         hmmsearch
# Version:         3.2.1 (June 2018)
# Pipeline mode:   SEARCH
# Query file:      /sw/bioinfo/BUSCO/v5_lineage_sets/lineages/chlorophyta_odb10/hmms/5060at3041.hmm
# Target file:     /crex/proj/snic2022-23-81/expression_algae/code/busco/trinity_VA-3180-Osg03Pal/run_chlorophyta_odb10/metaeuk_output/initial_results/trinity_VA-3180-Osg03Pal.Trinity.fasta.modified.fas
# Option settings: hmmsearch --domtblout /crex/proj/snic2022-23-81/expression_algae/code/busco/trinity_VA-3180-Osg03Pal/run_chlorophyta_odb10/hmmer_output/initial_run_results/5060at3041.out --cpu 1 /sw/bioinfo/BUSCO/v5_lineage_sets/lineages/chlorophyta_odb10/hmms/5060at3041.hmm /crex/proj/snic2022-23-81/expression_algae/code/busco/trinity_VA-3180-Osg03Pal/run_chlorophyta_odb10/metaeuk_output/initial_results/trinity_VA-3180-Osg03Pal.Trinity.fasta.modified.fas 
# Current dir:     /crex/proj/snic2022-23-81/expression_algae/code/busco
# Date:            Fri Sep 23 10:11:11 2022
# [ok]
