#                                                                                         --- full sequence --- -------------- this domain -------------   hmm coord   ali coord   env coord
# target name                     accession   tlen query name           accession   qlen   E-value  score  bias   #  of  c-Evalue  i-Evalue  score  bias  from    to  from    to  from    to  acc description of target
#             ------------------- ---------- ----- -------------------- ---------- ----- --------- ------ ----- --- --- --------- --------- ------ ----- ----- ----- ----- ----- ----- ----- ---- ---------------------
TRINITY_DN1410_c0_g1_i1:153-725   -            191 4520at3041           -            218     5e-08   29.5   1.1   1   1   1.6e-09   4.4e-07   26.4   1.1    23   148     1   140     1   191 0.72 -
TRINITY_DN939_c0_g1_i1:525-1226   -            234 4520at3041           -            218   0.00056   16.3   0.0   1   2   4.7e-06    0.0013   15.1   0.0    22    68     2    48     1    59 0.91 -
TRINITY_DN939_c0_g1_i1:525-1226   -            234 4520at3041           -            218   0.00056   16.3   0.0   2   2       2.4   6.4e+02   -3.6   0.0    89   114   106   131   103   139 0.61 -
TRINITY_DN939_c0_g1_i2:525-1220   -            232 4520at3041           -            218     0.002   14.5   0.0   1   2   1.6e-05    0.0044   13.3   0.0    23    69     1    47     1    60 0.90 -
TRINITY_DN939_c0_g1_i2:525-1220   -            232 4520at3041           -            218     0.002   14.5   0.0   2   2       2.4   6.4e+02   -3.5   0.0    89   114   104   129   101   137 0.61 -
TRINITY_DN694_c0_g1_i4:1001-1645  -            215 4520at3041           -            218    0.0029   13.9   0.0   1   1   2.2e-05    0.0058   12.9   0.0    24    65     1    42     1    52 0.91 -
TRINITY_DN694_c0_g1_i5:1323-1967  -            215 4520at3041           -            218    0.0029   13.9   0.0   1   1   2.2e-05    0.0058   12.9   0.0    24    65     1    42     1    52 0.91 -
TRINITY_DN696_c0_g3_i2:284-757    -            158 4520at3041           -            218    0.0054   13.0   0.1   1   1   2.7e-05    0.0071   12.6   0.1    22    67     2    47     1    55 0.90 -
TRINITY_DN66305_c0_g1_i1:841-1383 -            181 4520at3041           -            218     0.019   11.3   1.8   1   1   0.00018     0.048    9.9   1.8    94   148    30    82    15   165 0.77 -
TRINITY_DN14348_c0_g1_i2:525-920  -            132 4520at3041           -            218     0.035   10.4   3.3   1   1   0.00031     0.082    9.2   2.7   120   188     8    91     6    99 0.66 -
#
# Program:         hmmsearch
# Version:         3.2.1 (June 2018)
# Pipeline mode:   SEARCH
# Query file:      /sw/bioinfo/BUSCO/v5_lineage_sets/lineages/chlorophyta_odb10/hmms/4520at3041.hmm
# Target file:     /crex/proj/snic2022-23-81/expression_algae/code/busco/trinity_VA-3180-Osg10Mul/run_chlorophyta_odb10/metaeuk_output/rerun_results/trinity_VA-3180-Osg10Mul.Trinity.fasta.modified.fas
# Option settings: hmmsearch --domtblout /crex/proj/snic2022-23-81/expression_algae/code/busco/trinity_VA-3180-Osg10Mul/run_chlorophyta_odb10/hmmer_output/rerun_results/4520at3041.out --cpu 1 /sw/bioinfo/BUSCO/v5_lineage_sets/lineages/chlorophyta_odb10/hmms/4520at3041.hmm /crex/proj/snic2022-23-81/expression_algae/code/busco/trinity_VA-3180-Osg10Mul/run_chlorophyta_odb10/metaeuk_output/rerun_results/trinity_VA-3180-Osg10Mul.Trinity.fasta.modified.fas 
# Current dir:     /crex/proj/snic2022-23-81/expression_algae/code/busco
# Date:            Fri Sep 23 10:14:06 2022
# [ok]
