#                                                                                       --- full sequence --- -------------- this domain -------------   hmm coord   ali coord   env coord
# target name                   accession   tlen query name           accession   qlen   E-value  score  bias   #  of  c-Evalue  i-Evalue  score  bias  from    to  from    to  from    to  acc description of target
#           ------------------- ---------- ----- -------------------- ---------- ----- --------- ------ ----- --- --- --------- --------- ------ ----- ----- ----- ----- ----- ----- ----- ---- ---------------------
TRINITY_DN64454_c0_g1_i1:1-282  -             94 6105at3041           -            276   3.5e-30  102.1   2.2   1   1   7.7e-33   4.1e-30  101.9   2.2   181   250     1    78     1    84 0.86 -
TRINITY_DN4746_c0_g1_i1:81-1322 -            414 6105at3041           -            276   5.7e-10   35.8   8.9   1   4     9e-07   0.00048   16.4   0.4     1    55     1    56     1   142 0.75 -
TRINITY_DN4746_c0_g1_i1:81-1322 -            414 6105at3041           -            276   5.7e-10   35.8   8.9   2   4   0.00094       0.5    6.5   0.1   101   129   149   180   140   187 0.64 -
TRINITY_DN4746_c0_g1_i1:81-1322 -            414 6105at3041           -            276   5.7e-10   35.8   8.9   3   4    0.0013      0.68    6.1   0.1     4    25   163   184   157   233 0.68 -
TRINITY_DN4746_c0_g1_i1:81-1322 -            414 6105at3041           -            276   5.7e-10   35.8   8.9   4   4   6.9e-06    0.0037   13.5   0.5   166   272   286   413   204   414 0.68 -
TRINITY_DN4746_c0_g1_i2:78-1211 -            378 6105at3041           -            276     1e-07   28.4   6.6   1   4   7.7e-07   0.00041   16.6   0.5     1    55     1    56     1   149 0.74 -
TRINITY_DN4746_c0_g1_i2:78-1211 -            378 6105at3041           -            276     1e-07   28.4   6.6   2   4   0.00075       0.4    6.8   0.1   102   129   150   180   141   194 0.66 -
TRINITY_DN4746_c0_g1_i2:78-1211 -            378 6105at3041           -            276     1e-07   28.4   6.6   3   4    0.0012      0.62    6.2   0.1     4    38   163   192   160   234 0.66 -
TRINITY_DN4746_c0_g1_i2:78-1211 -            378 6105at3041           -            276     1e-07   28.4   6.6   4   4    0.0074       3.9    3.6   0.1   165   232   285   370   207   375 0.56 -
TRINITY_DN53229_c0_g1_i1:29-313 -             95 6105at3041           -            276    0.0065   12.7   0.0   1   1   1.5e-05    0.0081   12.4   0.0   173   210     2    46     1    57 0.77 -
#
# Program:         hmmsearch
# Version:         3.2.1 (June 2018)
# Pipeline mode:   SEARCH
# Query file:      /sw/bioinfo/BUSCO/v5_lineage_sets/lineages/chlorophyta_odb10/hmms/6105at3041.hmm
# Target file:     /crex/proj/snic2022-23-81/expression_algae/code/busco/trinity_VA-3180-Osg10Mul/run_chlorophyta_odb10/metaeuk_output/rerun_results/trinity_VA-3180-Osg10Mul.Trinity.fasta.modified.fas
# Option settings: hmmsearch --domtblout /crex/proj/snic2022-23-81/expression_algae/code/busco/trinity_VA-3180-Osg10Mul/run_chlorophyta_odb10/hmmer_output/rerun_results/6105at3041.out --cpu 1 /sw/bioinfo/BUSCO/v5_lineage_sets/lineages/chlorophyta_odb10/hmms/6105at3041.hmm /crex/proj/snic2022-23-81/expression_algae/code/busco/trinity_VA-3180-Osg10Mul/run_chlorophyta_odb10/metaeuk_output/rerun_results/trinity_VA-3180-Osg10Mul.Trinity.fasta.modified.fas 
# Current dir:     /crex/proj/snic2022-23-81/expression_algae/code/busco
# Date:            Fri Sep 23 10:14:09 2022
# [ok]
