#                                                                                        --- full sequence --- -------------- this domain -------------   hmm coord   ali coord   env coord
# target name                    accession   tlen query name           accession   qlen   E-value  score  bias   #  of  c-Evalue  i-Evalue  score  bias  from    to  from    to  from    to  acc description of target
#            ------------------- ---------- ----- -------------------- ---------- ----- --------- ------ ----- --- --- --------- --------- ------ ----- ----- ----- ----- ----- ----- ----- ---- ---------------------
TRINITY_DN96893_c0_g1_i1:18-284  -             89 10566at3041          -             67   6.8e-39  129.5   2.1   1   1   2.3e-41   1.2e-38  128.7   2.1     2    67     6    84     5    84 0.92 -
TRINITY_DN29860_c0_g1_i2:0-296   -             99 10566at3041          -             67   8.6e-07   26.7   0.1   1   2   3.5e-07   0.00019   19.2   0.0    30    53    27    50     7    53 0.81 -
TRINITY_DN29860_c0_g1_i2:0-296   -             99 10566at3041          -             67   8.6e-07   26.7   0.1   2   2    0.0065       3.4    5.5   0.1    47    64    61    78    58    81 0.87 -
TRINITY_DN115487_c0_g1_i1:88-231 -             48 10566at3041          -             67   1.6e-05   22.6   0.0   1   1     3e-08   1.6e-05   22.6   0.0    29    55    19    45     5    47 0.89 -
TRINITY_DN48122_c0_g1_i1:180-395 -             72 10566at3041          -             67   1.9e-05   22.3   1.2   1   1   1.8e-07   9.8e-05   20.1   1.2    30    64    24    67     2    70 0.62 -
TRINITY_DN98432_c0_g1_i1:21-452  -            144 10566at3041          -             67   0.00033   18.4   0.0   1   2   0.00014     0.076   10.8   0.0    32    53    28    49     7    52 0.79 -
TRINITY_DN98432_c0_g1_i1:21-452  -            144 10566at3041          -             67   0.00033   18.4   0.0   2   2    0.0064       3.4    5.5   0.0    47    65    59    77    53    79 0.86 -
TRINITY_DN2088_c0_g1_i1:410-631  -             74 10566at3041          -             67    0.0062   14.3   0.1   1   1   1.5e-05    0.0081   13.9   0.1    28    66    21    65     4    66 0.74 -
TRINITY_DN1820_c0_g1_i1:349-660  -            104 10566at3041          -             67     0.024   12.4   0.3   1   2   0.00012     0.063   11.1   0.0    30    50    30    50    12    53 0.87 -
TRINITY_DN1820_c0_g1_i1:349-660  -            104 10566at3041          -             67     0.024   12.4   0.3   2   2      0.76   4.1e+02   -1.1   0.1    48    66    62    80    59    81 0.80 -
#
# Program:         hmmsearch
# Version:         3.2.1 (June 2018)
# Pipeline mode:   SEARCH
# Query file:      /sw/bioinfo/BUSCO/v5_lineage_sets/lineages/chlorophyta_odb10/hmms/10566at3041.hmm
# Target file:     /crex/proj/snic2022-23-81/expression_algae/code/busco/trinity_VA-3180-Osg10Mul/run_chlorophyta_odb10/metaeuk_output/initial_results/trinity_VA-3180-Osg10Mul.Trinity.fasta.modified.fas
# Option settings: hmmsearch --domtblout /crex/proj/snic2022-23-81/expression_algae/code/busco/trinity_VA-3180-Osg10Mul/run_chlorophyta_odb10/hmmer_output/initial_run_results/10566at3041.out --cpu 1 /sw/bioinfo/BUSCO/v5_lineage_sets/lineages/chlorophyta_odb10/hmms/10566at3041.hmm /crex/proj/snic2022-23-81/expression_algae/code/busco/trinity_VA-3180-Osg10Mul/run_chlorophyta_odb10/metaeuk_output/initial_results/trinity_VA-3180-Osg10Mul.Trinity.fasta.modified.fas 
# Current dir:     /crex/proj/snic2022-23-81/expression_algae/code/busco
# Date:            Fri Sep 23 10:11:47 2022
# [ok]
