#                                                                                         --- full sequence --- -------------- this domain -------------   hmm coord   ali coord   env coord
# target name                     accession   tlen query name           accession   qlen   E-value  score  bias   #  of  c-Evalue  i-Evalue  score  bias  from    to  from    to  from    to  acc description of target
#             ------------------- ---------- ----- -------------------- ---------- ----- --------- ------ ----- --- --- --------- --------- ------ ----- ----- ----- ----- ----- ----- ----- ---- ---------------------
TRINITY_DN95579_c0_g1_i1:21-440   -            140 117at3041            -           4188   4.4e-07   24.2   0.0   1   1   1.3e-09   4.4e-07   24.2   0.0  1442  1482     4    44     1    75 0.86 -
TRINITY_DN1714_c0_g1_i1:63-326    -             88 117at3041            -           4188   0.00088   13.2   0.0   1   1   2.6e-06   0.00088   13.2   0.0  1439  1476     4    42     1    77 0.88 -
TRINITY_DN1714_c0_g1_i4:63-326    -             88 117at3041            -           4188   0.00088   13.2   0.0   1   1   2.6e-06   0.00088   13.2   0.0  1439  1476     4    42     1    77 0.88 -
TRINITY_DN9615_c0_g1_i1:2328-2966 -            213 117at3041            -           4188    0.0024   11.8   0.1   1   1   8.6e-06    0.0029   11.5   0.1  1431  1464    42    75    14    86 0.90 -
TRINITY_DN9615_c0_g1_i3:2325-2963 -            213 117at3041            -           4188    0.0024   11.8   0.1   1   1   8.6e-06    0.0029   11.5   0.1  1431  1464    42    75    14    86 0.90 -
TRINITY_DN9615_c0_g1_i4:2328-2966 -            213 117at3041            -           4188    0.0024   11.8   0.1   1   1   8.6e-06    0.0029   11.5   0.1  1431  1464    42    75    14    86 0.90 -
TRINITY_DN9615_c0_g1_i5:2331-2969 -            213 117at3041            -           4188    0.0024   11.8   0.1   1   1   8.6e-06    0.0029   11.5   0.1  1431  1464    42    75    14    86 0.90 -
TRINITY_DN56289_c0_g1_i1:41-358   -            106 117at3041            -           4188    0.0058   10.5   0.1   1   1     2e-05    0.0068   10.3   0.1  1436  1458    35    57    28    68 0.91 -
TRINITY_DN897_c0_g1_i1:690-977    -             96 117at3041            -           4188    0.0077   10.1   0.0   1   1   2.7e-05    0.0092    9.9   0.0  1443  1471    58    86    49    90 0.89 -
TRINITY_DN897_c0_g1_i3:690-977    -             96 117at3041            -           4188    0.0077   10.1   0.0   1   1   2.7e-05    0.0092    9.9   0.0  1443  1471    58    86    49    90 0.89 -
TRINITY_DN162_c1_g2_i1:60-491     -            144 117at3041            -           4188     0.013    9.4   0.0   1   1   4.5e-05     0.015    9.1   0.0  1436  1469    49    82    45    89 0.86 -
#
# Program:         hmmsearch
# Version:         3.2.1 (June 2018)
# Pipeline mode:   SEARCH
# Query file:      /sw/bioinfo/BUSCO/v5_lineage_sets/lineages/chlorophyta_odb10/hmms/117at3041.hmm
# Target file:     /crex/proj/snic2022-23-81/expression_algae/code/busco/trinity_VA-3180-Osg10Mul/run_chlorophyta_odb10/metaeuk_output/initial_results/trinity_VA-3180-Osg10Mul.Trinity.fasta.modified.fas
# Option settings: hmmsearch --domtblout /crex/proj/snic2022-23-81/expression_algae/code/busco/trinity_VA-3180-Osg10Mul/run_chlorophyta_odb10/hmmer_output/initial_run_results/117at3041.out --cpu 1 /sw/bioinfo/BUSCO/v5_lineage_sets/lineages/chlorophyta_odb10/hmms/117at3041.hmm /crex/proj/snic2022-23-81/expression_algae/code/busco/trinity_VA-3180-Osg10Mul/run_chlorophyta_odb10/metaeuk_output/initial_results/trinity_VA-3180-Osg10Mul.Trinity.fasta.modified.fas 
# Current dir:     /crex/proj/snic2022-23-81/expression_algae/code/busco
# Date:            Fri Sep 23 10:11:48 2022
# [ok]
