#                                                                                         --- full sequence --- -------------- this domain -------------   hmm coord   ali coord   env coord
# target name                     accession   tlen query name           accession   qlen   E-value  score  bias   #  of  c-Evalue  i-Evalue  score  bias  from    to  from    to  from    to  acc description of target
#             ------------------- ---------- ----- -------------------- ---------- ----- --------- ------ ----- --- --- --------- --------- ------ ----- ----- ----- ----- ----- ----- ----- ---- ---------------------
TRINITY_DN4882_c0_g1_i2:1155-2336 -            394 1593at3041           -            356  1.7e-163  541.3   2.0   1   1  5.5e-166    2e-163  541.1   2.0     2   355     8   389     7   390 0.92 -
TRINITY_DN1004_c0_g1_i1:653-1456  -            268 1593at3041           -            356  4.4e-107  355.8   0.0   1   1  1.3e-109    5e-107  355.6   0.0     2   231    20   266    19   268 0.93 -
TRINITY_DN1004_c0_g1_i2:653-1456  -            268 1593at3041           -            356  4.4e-107  355.8   0.0   1   1  1.3e-109    5e-107  355.6   0.0     2   231    20   266    19   268 0.93 -
TRINITY_DN1004_c0_g1_i6:506-1309  -            268 1593at3041           -            356  4.4e-107  355.8   0.0   1   1  1.3e-109    5e-107  355.6   0.0     2   231    20   266    19   268 0.93 -
TRINITY_DN49133_c0_g1_i1:192-785  -            198 1593at3041           -            356   2.2e-97  323.9   0.1   1   1  6.8e-100   2.5e-97  323.7   0.1   182   356     1   190     1   190 0.95 -
TRINITY_DN28864_c0_g1_i1:387-548  -             54 1593at3041           -            356   4.9e-29   99.1   0.8   1   1   1.4e-31   5.4e-29   98.9   0.8    58   105     7    54     3    54 0.97 -
TRINITY_DN4198_c0_g1_i1:47-223    -             59 1593at3041           -            356   2.3e-24   83.7   1.0   1   1     6e-27   2.3e-24   83.7   1.0    58   105    12    59     1    59 0.90 -
TRINITY_DN109845_c0_g1_i1:31-804  -            258 1593at3041           -            356   8.1e-06   22.7   0.2   1   1   2.9e-08   1.1e-05   22.3   0.2    93   240    57   196    25   207 0.81 -
TRINITY_DN982_c0_g1_i2:321-935    -            205 1593at3041           -            356   0.00024   17.9   0.0   1   1   7.8e-07   0.00029   17.6   0.0    87   227    51   182    19   202 0.76 -
TRINITY_DN982_c0_g1_i1:321-935    -            205 1593at3041           -            356   0.00036   17.3   0.0   1   1   1.2e-06   0.00044   17.0   0.0    87   227    51   182    19   202 0.74 -
#
# Program:         hmmsearch
# Version:         3.2.1 (June 2018)
# Pipeline mode:   SEARCH
# Query file:      /sw/bioinfo/BUSCO/v5_lineage_sets/lineages/chlorophyta_odb10/hmms/1593at3041.hmm
# Target file:     /crex/proj/snic2022-23-81/expression_algae/code/busco/trinity_VA-3180-Osg10Mul/run_chlorophyta_odb10/metaeuk_output/initial_results/trinity_VA-3180-Osg10Mul.Trinity.fasta.modified.fas
# Option settings: hmmsearch --domtblout /crex/proj/snic2022-23-81/expression_algae/code/busco/trinity_VA-3180-Osg10Mul/run_chlorophyta_odb10/hmmer_output/initial_run_results/1593at3041.out --cpu 1 /sw/bioinfo/BUSCO/v5_lineage_sets/lineages/chlorophyta_odb10/hmms/1593at3041.hmm /crex/proj/snic2022-23-81/expression_algae/code/busco/trinity_VA-3180-Osg10Mul/run_chlorophyta_odb10/metaeuk_output/initial_results/trinity_VA-3180-Osg10Mul.Trinity.fasta.modified.fas 
# Current dir:     /crex/proj/snic2022-23-81/expression_algae/code/busco
# Date:            Fri Sep 23 10:11:49 2022
# [ok]
