#                                                                                        --- full sequence --- -------------- this domain -------------   hmm coord   ali coord   env coord
# target name                    accession   tlen query name           accession   qlen   E-value  score  bias   #  of  c-Evalue  i-Evalue  score  bias  from    to  from    to  from    to  acc description of target
#            ------------------- ---------- ----- -------------------- ---------- ----- --------- ------ ----- --- --- --------- --------- ------ ----- ----- ----- ----- ----- ----- ----- ---- ---------------------
TRINITY_DN20594_c0_g1_i1:0-791   -            264 2490at3041           -            276   6.7e-75  249.4   0.4   1   2   5.9e-64   3.7e-61  204.4   0.0    71   227     1   184     1   198 0.88 -
TRINITY_DN20594_c0_g1_i1:0-791   -            264 2490at3041           -            276   6.7e-75  249.4   0.4   2   2   1.6e-14     1e-11   42.2   0.1   229   275   214   260   207   261 0.95 -
TRINITY_DN7315_c0_g1_i1:73-1005  -            311 2490at3041           -            276     3e-11   40.6   0.0   1   1   1.3e-13     8e-11   39.2   0.0     1   273    10   311    10   311 0.70 -
TRINITY_DN565_c0_g2_i1:172-1152  -            327 2490at3041           -            276   1.6e-09   35.0   0.1   1   2   4.2e-08   2.6e-05   21.2   0.2     2    47     3    48     2    51 0.93 -
TRINITY_DN565_c0_g2_i1:172-1152  -            327 2490at3041           -            276   1.6e-09   35.0   0.1   2   2   5.5e-05     0.034   10.9   0.0   110   220   148   269    57   327 0.74 -
TRINITY_DN15939_c0_g1_i1:146-517 -            124 2490at3041           -            276   5.2e-08   30.0   0.2   1   2   0.00064       0.4    7.4   0.0     3    33     2    33     1    51 0.78 -
TRINITY_DN15939_c0_g1_i1:146-517 -            124 2490at3041           -            276   5.2e-08   30.0   0.2   2   2   4.2e-08   2.6e-05   21.2   0.1    36    96    56   123    50   124 0.75 -
TRINITY_DN15939_c0_g1_i2:146-517 -            124 2490at3041           -            276   5.2e-08   30.0   0.2   1   2   0.00064       0.4    7.4   0.0     3    33     2    33     1    51 0.78 -
TRINITY_DN15939_c0_g1_i2:146-517 -            124 2490at3041           -            276   5.2e-08   30.0   0.2   2   2   4.2e-08   2.6e-05   21.2   0.1    36    96    56   123    50   124 0.75 -
TRINITY_DN3449_c0_g1_i1:349-1533 -            395 2490at3041           -            276   1.2e-05   22.3   0.7   1   1   1.3e-05    0.0081   13.0   0.7     2   187    56   249    55   293 0.56 -
#
# Program:         hmmsearch
# Version:         3.2.1 (June 2018)
# Pipeline mode:   SEARCH
# Query file:      /sw/bioinfo/BUSCO/v5_lineage_sets/lineages/chlorophyta_odb10/hmms/2490at3041.hmm
# Target file:     /crex/proj/snic2022-23-81/expression_algae/code/busco/trinity_VA-3180-Osg10Mul/run_chlorophyta_odb10/metaeuk_output/initial_results/trinity_VA-3180-Osg10Mul.Trinity.fasta.modified.fas
# Option settings: hmmsearch --domtblout /crex/proj/snic2022-23-81/expression_algae/code/busco/trinity_VA-3180-Osg10Mul/run_chlorophyta_odb10/hmmer_output/initial_run_results/2490at3041.out --cpu 1 /sw/bioinfo/BUSCO/v5_lineage_sets/lineages/chlorophyta_odb10/hmms/2490at3041.hmm /crex/proj/snic2022-23-81/expression_algae/code/busco/trinity_VA-3180-Osg10Mul/run_chlorophyta_odb10/metaeuk_output/initial_results/trinity_VA-3180-Osg10Mul.Trinity.fasta.modified.fas 
# Current dir:     /crex/proj/snic2022-23-81/expression_algae/code/busco
# Date:            Fri Sep 23 10:11:48 2022
# [ok]
