#                                                                                         --- full sequence --- -------------- this domain -------------   hmm coord   ali coord   env coord
# target name                     accession   tlen query name           accession   qlen   E-value  score  bias   #  of  c-Evalue  i-Evalue  score  bias  from    to  from    to  from    to  acc description of target
#             ------------------- ---------- ----- -------------------- ---------- ----- --------- ------ ----- --- --- --------- --------- ------ ----- ----- ----- ----- ----- ----- ----- ---- ---------------------
TRINITY_DN101636_c0_g1_i1:3-200   -             66 346at3041            -            880   5.5e-28   95.1   0.7   1   1   1.8e-30     6e-28   95.0   0.7   812   867     1    66     1    66 0.91 -
TRINITY_DN52812_c0_g1_i1:167-688  -            174 346at3041            -            880   1.5e-10   37.4   0.0   1   1   5.2e-13   1.8e-10   37.2   0.0     4   143    13   164    10   173 0.84 -
TRINITY_DN16983_c0_g1_i1:14-262   -             83 346at3041            -            880   4.2e-07   26.0   0.0   1   1   1.3e-09   4.5e-07   25.9   0.0     2    72     6    83     5    83 0.75 -
TRINITY_DN92290_c0_g1_i1:2-301    -            100 346at3041            -            880   0.00024   16.9   0.0   1   1   7.7e-07   0.00026   16.8   0.0   792   840    15    59     3    78 0.75 -
TRINITY_DN84030_c0_g1_i1:131-400  -             90 346at3041            -            880   0.00071   15.3   0.0   1   1   2.1e-06   0.00072   15.3   0.0     2    72    12    90    11    90 0.73 -
TRINITY_DN52925_c0_g1_i1:133-474  -            114 346at3041            -            880    0.0032   13.2   1.0   1   1   2.2e-05    0.0075   12.0   1.0   167   216    11    60     5   113 0.69 -
TRINITY_DN2729_c0_g1_i7:111-539   -            143 346at3041            -            880    0.0091   11.7   0.0   1   1   2.9e-05    0.0097   11.6   0.0   793   844    57   104    37   131 0.87 -
TRINITY_DN1814_c0_g1_i1:13-687    -            225 346at3041            -            880     0.018   10.7   0.0   1   1   6.9e-05     0.023   10.3   0.0   793   843   146   192   133   205 0.84 -
TRINITY_DN1814_c0_g1_i5:13-687    -            225 346at3041            -            880     0.018   10.7   0.0   1   1   6.9e-05     0.023   10.3   0.0   793   843   146   192   133   205 0.84 -
TRINITY_DN1814_c0_g1_i6:13-687    -            225 346at3041            -            880     0.018   10.7   0.0   1   1   6.9e-05     0.023   10.3   0.0   793   843   146   192   133   205 0.84 -
TRINITY_DN40764_c0_g1_i1:207-1016 -            270 346at3041            -            880     0.042    9.5   0.1   1   1   0.00016     0.054    9.1   0.1   791   843   129   177   121   206 0.82 -
#
# Program:         hmmsearch
# Version:         3.2.1 (June 2018)
# Pipeline mode:   SEARCH
# Query file:      /sw/bioinfo/BUSCO/v5_lineage_sets/lineages/chlorophyta_odb10/hmms/346at3041.hmm
# Target file:     /crex/proj/snic2022-23-81/expression_algae/code/busco/trinity_VA-3180-Osg10Mul/run_chlorophyta_odb10/metaeuk_output/initial_results/trinity_VA-3180-Osg10Mul.Trinity.fasta.modified.fas
# Option settings: hmmsearch --domtblout /crex/proj/snic2022-23-81/expression_algae/code/busco/trinity_VA-3180-Osg10Mul/run_chlorophyta_odb10/hmmer_output/initial_run_results/346at3041.out --cpu 1 /sw/bioinfo/BUSCO/v5_lineage_sets/lineages/chlorophyta_odb10/hmms/346at3041.hmm /crex/proj/snic2022-23-81/expression_algae/code/busco/trinity_VA-3180-Osg10Mul/run_chlorophyta_odb10/metaeuk_output/initial_results/trinity_VA-3180-Osg10Mul.Trinity.fasta.modified.fas 
# Current dir:     /crex/proj/snic2022-23-81/expression_algae/code/busco
# Date:            Fri Sep 23 10:11:52 2022
# [ok]
