#                                                                                         --- full sequence --- -------------- this domain -------------   hmm coord   ali coord   env coord
# target name                     accession   tlen query name           accession   qlen   E-value  score  bias   #  of  c-Evalue  i-Evalue  score  bias  from    to  from    to  from    to  acc description of target
#             ------------------- ---------- ----- -------------------- ---------- ----- --------- ------ ----- --- --- --------- --------- ------ ----- ----- ----- ----- ----- ----- ----- ---- ---------------------
TRINITY_DN96639_c0_g1_i1:111-305  -             65 4322at3041           -            275     2e-18   64.7   2.1   1   1   6.7e-21   2.3e-18   64.6   2.1     1    50    12    65    12    65 0.92 -
TRINITY_DN25948_c0_g1_i1:2-160    -             53 4322at3041           -            275   2.8e-10   38.0   2.8   1   1   8.7e-13   2.9e-10   38.0   2.8   229   275     2    50     1    50 0.86 -
TRINITY_DN84095_c0_g1_i1:177-311  -             45 4322at3041           -            275   1.7e-07   28.9   0.8   1   1     5e-10   1.7e-07   28.9   0.8   235   275     1    45     1    45 0.78 -
TRINITY_DN3868_c0_g1_i1:34-141    -             36 4322at3041           -            275   1.7e-06   25.6   2.7   1   1     5e-09   1.7e-06   25.6   2.7   248   271    12    35     6    36 0.94 -
TRINITY_DN3868_c0_g1_i2:34-141    -             36 4322at3041           -            275   1.7e-06   25.6   2.7   1   1     5e-09   1.7e-06   25.6   2.7   248   271    12    35     6    36 0.94 -
TRINITY_DN49018_c0_g1_i1:45-131   -             29 4322at3041           -            275   3.8e-05   21.2   1.0   1   1   1.1e-07   3.8e-05   21.2   1.0   249   273     1    25     1    27 0.95 -
TRINITY_DN68131_c0_g1_i1:14-205   -             64 4322at3041           -            275   4.9e-05   20.8   6.1   1   1   2.2e-07   7.4e-05   20.2   6.1   248   274    33    61     1    62 0.86 -
TRINITY_DN117298_c0_g1_i1:11-139  -             43 4322at3041           -            275   0.00013   19.4   0.6   1   1     4e-07   0.00014   19.4   0.6   234   269     4    43     1    43 0.88 -
TRINITY_DN92981_c0_g1_i1:76-552   -            159 4322at3041           -            275   0.00054   17.4   1.1   1   1     2e-06   0.00069   17.1   1.1   228   275    11    62     2    62 0.75 -
TRINITY_DN110005_c0_g1_i1:165-320 -             52 4322at3041           -            275     0.047   11.0   3.0   1   1   0.00013     0.046   11.1   3.0   234   274     6    51     1    52 0.73 -
TRINITY_DN87716_c0_g1_i1:1-549    -            183 4322at3041           -            275     0.095   10.1   1.3   1   1   0.00037      0.13    9.6   1.3   226   272    52   104    47   107 0.82 -
#
# Program:         hmmsearch
# Version:         3.2.1 (June 2018)
# Pipeline mode:   SEARCH
# Query file:      /sw/bioinfo/BUSCO/v5_lineage_sets/lineages/chlorophyta_odb10/hmms/4322at3041.hmm
# Target file:     /crex/proj/snic2022-23-81/expression_algae/code/busco/trinity_VA-3180-Osg10Mul/run_chlorophyta_odb10/metaeuk_output/initial_results/trinity_VA-3180-Osg10Mul.Trinity.fasta.modified.fas
# Option settings: hmmsearch --domtblout /crex/proj/snic2022-23-81/expression_algae/code/busco/trinity_VA-3180-Osg10Mul/run_chlorophyta_odb10/hmmer_output/initial_run_results/4322at3041.out --cpu 1 /sw/bioinfo/BUSCO/v5_lineage_sets/lineages/chlorophyta_odb10/hmms/4322at3041.hmm /crex/proj/snic2022-23-81/expression_algae/code/busco/trinity_VA-3180-Osg10Mul/run_chlorophyta_odb10/metaeuk_output/initial_results/trinity_VA-3180-Osg10Mul.Trinity.fasta.modified.fas 
# Current dir:     /crex/proj/snic2022-23-81/expression_algae/code/busco
# Date:            Fri Sep 23 10:11:52 2022
# [ok]
