#                                                                                         --- full sequence --- -------------- this domain -------------   hmm coord   ali coord   env coord
# target name                     accession   tlen query name           accession   qlen   E-value  score  bias   #  of  c-Evalue  i-Evalue  score  bias  from    to  from    to  from    to  acc description of target
#             ------------------- ---------- ----- -------------------- ---------- ----- --------- ------ ----- --- --- --------- --------- ------ ----- ----- ----- ----- ----- ----- ----- ---- ---------------------
TRINITY_DN66985_c0_g1_i1:304-876  -            191 5409at3041           -            189     3e-93  308.8   0.0   1   1   9.2e-96   3.4e-93  308.6   0.0    13   189     1   191     1   191 0.94 -
TRINITY_DN39120_c0_g1_i1:0-617    -            206 5409at3041           -            189   3.8e-15   54.1   0.2   1   2   8.2e-16   3.1e-13   47.9   0.1    10   110     2   105     1   129 0.85 -
TRINITY_DN39120_c0_g1_i1:0-617    -            206 5409at3041           -            189   3.8e-15   54.1   0.2   2   2     0.017       6.3    4.5   0.0   146   182   163   199   157   204 0.88 -
TRINITY_DN23804_c0_g1_i1:185-991  -            269 5409at3041           -            189     5e-10   37.4   0.1   1   1   1.9e-12   7.3e-10   36.9   0.1     6   180    31   215    28   220 0.85 -
TRINITY_DN48494_c0_g1_i1:3-659    -            219 5409at3041           -            189   5.4e-06   24.2   0.0   1   1     2e-08   7.4e-06   23.8   0.0     7    90    14    99     9   138 0.76 -
TRINITY_DN47768_c0_g1_i1:120-686  -            189 5409at3041           -            189   9.2e-06   23.5   0.0   1   1   3.8e-08   1.4e-05   22.9   0.0     7   174     2   179     1   189 0.77 -
TRINITY_DN23804_c0_g1_i2:185-727  -            181 5409at3041           -            189   9.1e-05   20.3   0.0   1   1   3.1e-07   0.00012   19.9   0.0   131   180    78   127     6   133 0.77 -
TRINITY_DN41140_c0_g1_i1:2-313    -            104 5409at3041           -            189   0.00026   18.7   0.0   1   1   7.7e-07   0.00029   18.6   0.0    12   104     6   102     2   104 0.86 -
TRINITY_DN101968_c0_g1_i1:259-564 -            102 5409at3041           -            189   0.00042   18.1   0.0   1   1   1.4e-06   0.00052   17.8   0.0     7    63    27    85    22    99 0.86 -
TRINITY_DN101968_c0_g1_i2:175-480 -            102 5409at3041           -            189   0.00042   18.1   0.0   1   1   1.4e-06   0.00052   17.8   0.0     7    63    27    85    22    99 0.86 -
TRINITY_DN46669_c0_g1_i1:9-260    -             84 5409at3041           -            189     0.024   12.4   0.0   1   1   6.4e-05     0.024   12.3   0.0    34    75    26    67     3    81 0.83 -
#
# Program:         hmmsearch
# Version:         3.2.1 (June 2018)
# Pipeline mode:   SEARCH
# Query file:      /sw/bioinfo/BUSCO/v5_lineage_sets/lineages/chlorophyta_odb10/hmms/5409at3041.hmm
# Target file:     /crex/proj/snic2022-23-81/expression_algae/code/busco/trinity_VA-3180-Osg10Mul/run_chlorophyta_odb10/metaeuk_output/initial_results/trinity_VA-3180-Osg10Mul.Trinity.fasta.modified.fas
# Option settings: hmmsearch --domtblout /crex/proj/snic2022-23-81/expression_algae/code/busco/trinity_VA-3180-Osg10Mul/run_chlorophyta_odb10/hmmer_output/initial_run_results/5409at3041.out --cpu 1 /sw/bioinfo/BUSCO/v5_lineage_sets/lineages/chlorophyta_odb10/hmms/5409at3041.hmm /crex/proj/snic2022-23-81/expression_algae/code/busco/trinity_VA-3180-Osg10Mul/run_chlorophyta_odb10/metaeuk_output/initial_results/trinity_VA-3180-Osg10Mul.Trinity.fasta.modified.fas 
# Current dir:     /crex/proj/snic2022-23-81/expression_algae/code/busco
# Date:            Fri Sep 23 10:11:51 2022
# [ok]
