#                                                                                        --- full sequence --- -------------- this domain -------------   hmm coord   ali coord   env coord
# target name                    accession   tlen query name           accession   qlen   E-value  score  bias   #  of  c-Evalue  i-Evalue  score  bias  from    to  from    to  from    to  acc description of target
#            ------------------- ---------- ----- -------------------- ---------- ----- --------- ------ ----- --- --- --------- --------- ------ ----- ----- ----- ----- ----- ----- ----- ---- ---------------------
TRINITY_DN41140_c0_g1_i1:2-313   -            104 6072at3041           -            175   3.1e-49  165.0   0.0   1   1     1e-51   3.4e-49  164.9   0.0     1    95     9   104     9   104 0.98 -
TRINITY_DN66985_c0_g1_i1:304-876 -            191 6072at3041           -            175   1.9e-08   32.2   0.0   1   1   6.8e-11   2.3e-08   31.9   0.0     1   149     3   155     3   182 0.80 -
TRINITY_DN23804_c0_g1_i1:185-991 -            269 6072at3041           -            175   6.8e-08   30.4   0.0   1   1   2.5e-10   8.5e-08   30.1   0.0     3   156    42   196    40   218 0.84 -
TRINITY_DN48494_c0_g1_i1:3-659   -            219 6072at3041           -            175     5e-06   24.3   0.0   1   1   1.7e-08   5.9e-06   24.1   0.0     1   149    22   175    22   201 0.74 -
TRINITY_DN39120_c0_g1_i1:0-617   -            206 6072at3041           -            175   2.3e-05   22.2   0.0   1   1   9.3e-08   3.2e-05   21.7   0.0     1   113     7   121     7   146 0.81 -
TRINITY_DN23804_c0_g1_i2:185-727 -            181 6072at3041           -            175   0.00026   18.8   0.0   1   1   8.8e-07    0.0003   18.6   0.0    90   156    40   108     2   130 0.75 -
TRINITY_DN47768_c0_g1_i1:120-686 -            189 6072at3041           -            175   0.00047   17.9   0.0   1   1   1.8e-06    0.0006   17.6   0.0    11   149    21   160    11   170 0.86 -
TRINITY_DN8995_c0_g1_i1:4-384    -            127 6072at3041           -            175    0.0016   16.2   0.0   1   1   6.4e-06    0.0022   15.7   0.0    23   103     8    92     4   105 0.84 -
TRINITY_DN11940_c0_g1_i1:1-816   -            236 6072at3041           -            175    0.0031   15.2   0.0   1   1   1.3e-05    0.0046   14.7   0.0    23   104    60   145    41   158 0.78 -
TRINITY_DN11940_c0_g1_i2:1-708   -            236 6072at3041           -            175    0.0031   15.2   0.0   1   1   1.3e-05    0.0046   14.7   0.0    23   104    60   145    41   158 0.78 -
TRINITY_DN989_c0_g1_i1:6-602     -            199 6072at3041           -            175     0.011   13.5   0.0   1   1   3.5e-05     0.012   13.3   0.0    81   111    89   120     8   164 0.75 -
#
# Program:         hmmsearch
# Version:         3.2.1 (June 2018)
# Pipeline mode:   SEARCH
# Query file:      /sw/bioinfo/BUSCO/v5_lineage_sets/lineages/chlorophyta_odb10/hmms/6072at3041.hmm
# Target file:     /crex/proj/snic2022-23-81/expression_algae/code/busco/trinity_VA-3180-Osg10Mul/run_chlorophyta_odb10/metaeuk_output/initial_results/trinity_VA-3180-Osg10Mul.Trinity.fasta.modified.fas
# Option settings: hmmsearch --domtblout /crex/proj/snic2022-23-81/expression_algae/code/busco/trinity_VA-3180-Osg10Mul/run_chlorophyta_odb10/hmmer_output/initial_run_results/6072at3041.out --cpu 1 /sw/bioinfo/BUSCO/v5_lineage_sets/lineages/chlorophyta_odb10/hmms/6072at3041.hmm /crex/proj/snic2022-23-81/expression_algae/code/busco/trinity_VA-3180-Osg10Mul/run_chlorophyta_odb10/metaeuk_output/initial_results/trinity_VA-3180-Osg10Mul.Trinity.fasta.modified.fas 
# Current dir:     /crex/proj/snic2022-23-81/expression_algae/code/busco
# Date:            Fri Sep 23 10:11:53 2022
# [ok]
