#                                                                                          --- full sequence --- -------------- this domain -------------   hmm coord   ali coord   env coord
# target name                      accession   tlen query name           accession   qlen   E-value  score  bias   #  of  c-Evalue  i-Evalue  score  bias  from    to  from    to  from    to  acc description of target
#              ------------------- ---------- ----- -------------------- ---------- ----- --------- ------ ----- --- --- --------- --------- ------ ----- ----- ----- ----- ----- ----- ----- ---- ---------------------
TRINITY_DN16983_c0_g1_i1:14-262    -             83 776at3041            -            960     6e-35  118.3   0.2   1   1   1.3e-37     6e-35  118.3   0.2     1    65     1    66     1    83 0.89 -
TRINITY_DN84030_c0_g1_i1:131-400   -             90 776at3041            -            960   1.7e-14   50.6   0.0   1   1   3.6e-17   1.7e-14   50.6   0.0     2    66     8    74     7    90 0.85 -
TRINITY_DN52812_c0_g1_i1:167-688   -            174 776at3041            -            960   5.6e-13   45.6   0.1   1   1   1.4e-15   6.8e-13   45.3   0.1     2    65     7    72     6    93 0.83 -
TRINITY_DN101636_c0_g1_i1:3-200    -             66 776at3041            -            960   0.00022   17.1   0.1   1   1   4.8e-07   0.00022   17.1   0.1   896   925     4    33     2    65 0.77 -
TRINITY_DN5998_c0_g1_i3:1-477      -            159 776at3041            -            960     0.019   10.7   0.1   1   1   5.9e-05     0.028   10.2   0.1    26    48    16    38    12    53 0.85 -
TRINITY_DN79195_c0_g1_i1:1357-1983 -            209 776at3041            -            960     0.022   10.5   0.2   1   1   8.4e-05     0.039    9.7   0.2    25    41    20    36    18    40 0.91 -
TRINITY_DN1112_c0_g1_i1:387-1112   -            242 776at3041            -            960      0.07    8.8   0.2   1   1   0.00025      0.12    8.1   0.2    28    44    35    51    31    52 0.85 -
TRINITY_DN883_c1_g1_i3:23-1687     -            555 776at3041            -            960      0.13    8.0   4.3   1   4    0.0021         1    5.0   0.1    29    44    52    67    50    68 0.88 -
TRINITY_DN883_c1_g1_i3:23-1687     -            555 776at3041            -            960      0.13    8.0   4.3   2   4       0.2        93   -1.5   0.0   853   924   148   212   141   230 0.67 -
TRINITY_DN883_c1_g1_i3:23-1687     -            555 776at3041            -            960      0.13    8.0   4.3   3   4      0.91   4.2e+02   -3.7   0.7   699   717   262   280   252   307 0.39 -
TRINITY_DN883_c1_g1_i3:23-1687     -            555 776at3041            -            960      0.13    8.0   4.3   4   4     0.013       5.9    2.5   0.0    28    41   365   378   362   381 0.89 -
#
# Program:         hmmsearch
# Version:         3.2.1 (June 2018)
# Pipeline mode:   SEARCH
# Query file:      /sw/bioinfo/BUSCO/v5_lineage_sets/lineages/chlorophyta_odb10/hmms/776at3041.hmm
# Target file:     /crex/proj/snic2022-23-81/expression_algae/code/busco/trinity_VA-3180-Osg10Mul/run_chlorophyta_odb10/metaeuk_output/initial_results/trinity_VA-3180-Osg10Mul.Trinity.fasta.modified.fas
# Option settings: hmmsearch --domtblout /crex/proj/snic2022-23-81/expression_algae/code/busco/trinity_VA-3180-Osg10Mul/run_chlorophyta_odb10/hmmer_output/initial_run_results/776at3041.out --cpu 1 /sw/bioinfo/BUSCO/v5_lineage_sets/lineages/chlorophyta_odb10/hmms/776at3041.hmm /crex/proj/snic2022-23-81/expression_algae/code/busco/trinity_VA-3180-Osg10Mul/run_chlorophyta_odb10/metaeuk_output/initial_results/trinity_VA-3180-Osg10Mul.Trinity.fasta.modified.fas 
# Current dir:     /crex/proj/snic2022-23-81/expression_algae/code/busco
# Date:            Fri Sep 23 10:11:55 2022
# [ok]
