#                                                                                         --- full sequence --- -------------- this domain -------------   hmm coord   ali coord   env coord
# target name                     accession   tlen query name           accession   qlen   E-value  score  bias   #  of  c-Evalue  i-Evalue  score  bias  from    to  from    to  from    to  acc description of target
#             ------------------- ---------- ----- -------------------- ---------- ----- --------- ------ ----- --- --- --------- --------- ------ ----- ----- ----- ----- ----- ----- ----- ---- ---------------------
TRINITY_DN92981_c0_g1_i1:76-552   -            159 8151at3041           -            114   5.7e-46  153.2  17.3   1   1   5.8e-47   2.2e-44  148.1  17.3     2   114    13   159    12   159 0.82 -
TRINITY_DN110005_c0_g1_i1:165-320 -             52 8151at3041           -            114   1.1e-09   36.3   4.7   1   1   3.2e-12   1.2e-09   36.2   4.7     2    45     2    50     1    52 0.82 -
TRINITY_DN25948_c0_g1_i1:2-160    -             53 8151at3041           -            114   4.5e-07   27.9   4.2   1   1   1.2e-09   4.5e-07   27.9   4.2     7    48     8    51     2    53 0.87 -
TRINITY_DN3868_c0_g1_i1:34-141    -             36 8151at3041           -            114     9e-05   20.4   4.2   1   1   2.5e-07   9.2e-05   20.4   4.2    21    44    12    36     6    36 0.90 -
TRINITY_DN3868_c0_g1_i2:34-141    -             36 8151at3041           -            114     9e-05   20.4   4.2   1   1   2.5e-07   9.2e-05   20.4   4.2    21    44    12    36     6    36 0.90 -
TRINITY_DN49018_c0_g1_i1:45-131   -             29 8151at3041           -            114   0.00015   19.7   0.8   1   1   4.4e-07   0.00017   19.6   0.8    22    46     1    26     1    28 0.90 -
TRINITY_DN68131_c0_g1_i1:14-205   -             64 8151at3041           -            114   0.00053   18.0   2.4   1   1   2.2e-06   0.00081   17.4   2.4    16    45    27    60    18    63 0.81 -
TRINITY_DN84095_c0_g1_i1:177-311  -             45 8151at3041           -            114    0.0046   14.9   3.2   1   1   1.3e-05    0.0047   14.9   3.2     7    45     1    43     1    45 0.71 -
TRINITY_DN117298_c0_g1_i1:11-139  -             43 8151at3041           -            114     0.014   13.4   1.4   1   1   3.9e-05     0.015   13.3   1.4     6    41     4    43     1    43 0.74 -
TRINITY_DN87716_c0_g1_i1:1-549    -            183 8151at3041           -            114      0.12   10.3  10.0   1   1   0.00054       0.2    9.6  10.0     7    44    61   101    58   114 0.75 -
#
# Program:         hmmsearch
# Version:         3.2.1 (June 2018)
# Pipeline mode:   SEARCH
# Query file:      /sw/bioinfo/BUSCO/v5_lineage_sets/lineages/chlorophyta_odb10/hmms/8151at3041.hmm
# Target file:     /crex/proj/snic2022-23-81/expression_algae/code/busco/trinity_VA-3180-Osg10Mul/run_chlorophyta_odb10/metaeuk_output/initial_results/trinity_VA-3180-Osg10Mul.Trinity.fasta.modified.fas
# Option settings: hmmsearch --domtblout /crex/proj/snic2022-23-81/expression_algae/code/busco/trinity_VA-3180-Osg10Mul/run_chlorophyta_odb10/hmmer_output/initial_run_results/8151at3041.out --cpu 1 /sw/bioinfo/BUSCO/v5_lineage_sets/lineages/chlorophyta_odb10/hmms/8151at3041.hmm /crex/proj/snic2022-23-81/expression_algae/code/busco/trinity_VA-3180-Osg10Mul/run_chlorophyta_odb10/metaeuk_output/initial_results/trinity_VA-3180-Osg10Mul.Trinity.fasta.modified.fas 
# Current dir:     /crex/proj/snic2022-23-81/expression_algae/code/busco
# Date:            Fri Sep 23 10:11:53 2022
# [ok]
