#                                                                                         --- full sequence --- -------------- this domain -------------   hmm coord   ali coord   env coord
# target name                     accession   tlen query name           accession   qlen   E-value  score  bias   #  of  c-Evalue  i-Evalue  score  bias  from    to  from    to  from    to  acc description of target
#             ------------------- ---------- ----- -------------------- ---------- ----- --------- ------ ----- --- --- --------- --------- ------ ----- ----- ----- ----- ----- ----- ----- ---- ---------------------
TRINITY_DN7740_c0_g1_i2:369-737   -            123 8260at3041           -            210   1.7e-11   42.1   0.0   1   1   4.4e-14   2.1e-11   41.8   0.0     5   109     3   120     1   122 0.83 -
TRINITY_DN4328_c0_g1_i1:1068-1565 -            166 8260at3041           -            210   0.00041   17.9   0.1   1   2       0.1        49    1.3   0.0   158   196    23    63    15    77 0.69 -
TRINITY_DN4328_c0_g1_i1:1068-1565 -            166 8260at3041           -            210   0.00041   17.9   0.1   2   2   9.7e-06    0.0045   14.5   0.0   130   201    78   158    72   163 0.75 -
TRINITY_DN4328_c0_g1_i2:879-1376  -            166 8260at3041           -            210   0.00041   17.9   0.1   1   2       0.1        49    1.3   0.0   158   196    23    63    15    77 0.69 -
TRINITY_DN4328_c0_g1_i2:879-1376  -            166 8260at3041           -            210   0.00041   17.9   0.1   2   2   9.7e-06    0.0045   14.5   0.0   130   201    78   158    72   163 0.75 -
TRINITY_DN3321_c0_g1_i2:505-984   -            160 8260at3041           -            210   0.00047   17.7   0.0   1   2     0.014       6.6    4.2   0.0   156   198    19    63    12    74 0.75 -
TRINITY_DN3321_c0_g1_i2:505-984   -            160 8260at3041           -            210   0.00047   17.7   0.0   2   2   5.6e-05     0.026   12.0   0.0   155   199   106   150    70   157 0.80 -
TRINITY_DN53678_c0_g1_i1:111-326  -             72 8260at3041           -            210    0.0034   14.9   0.1   1   1   8.6e-06     0.004   14.7   0.1   155   204    16    67    10    70 0.84 -
TRINITY_DN111360_c0_g1_i1:2-646   -            215 8260at3041           -            210    0.0049   14.4   0.2   1   2         1   4.8e+02   -1.9   0.0    27    62    84   119    83   124 0.79 -
TRINITY_DN111360_c0_g1_i1:2-646   -            215 8260at3041           -            210    0.0049   14.4   0.2   2   2   2.6e-05     0.012   13.1   0.0   156   203   160   208   152   212 0.84 -
TRINITY_DN9808_c0_g1_i1:93-284    -             64 8260at3041           -            210     0.016   12.7   0.0   1   1   3.5e-05     0.017   12.7   0.0   155   202     2    50     1    58 0.77 -
TRINITY_DN78671_c0_g1_i1:39-248   -             70 8260at3041           -            210     0.018   12.6   0.0   1   1   4.3e-05      0.02   12.4   0.0   156   199    18    63    13    68 0.83 -
#
# Program:         hmmsearch
# Version:         3.2.1 (June 2018)
# Pipeline mode:   SEARCH
# Query file:      /sw/bioinfo/BUSCO/v5_lineage_sets/lineages/chlorophyta_odb10/hmms/8260at3041.hmm
# Target file:     /crex/proj/snic2022-23-81/expression_algae/code/busco/trinity_VA-3180-Osg10Mul/run_chlorophyta_odb10/metaeuk_output/initial_results/trinity_VA-3180-Osg10Mul.Trinity.fasta.modified.fas
# Option settings: hmmsearch --domtblout /crex/proj/snic2022-23-81/expression_algae/code/busco/trinity_VA-3180-Osg10Mul/run_chlorophyta_odb10/hmmer_output/initial_run_results/8260at3041.out --cpu 1 /sw/bioinfo/BUSCO/v5_lineage_sets/lineages/chlorophyta_odb10/hmms/8260at3041.hmm /crex/proj/snic2022-23-81/expression_algae/code/busco/trinity_VA-3180-Osg10Mul/run_chlorophyta_odb10/metaeuk_output/initial_results/trinity_VA-3180-Osg10Mul.Trinity.fasta.modified.fas 
# Current dir:     /crex/proj/snic2022-23-81/expression_algae/code/busco
# Date:            Fri Sep 23 10:11:54 2022
# [ok]
