#                                                                                       --- full sequence --- -------------- this domain -------------   hmm coord   ali coord   env coord
# target name                   accession   tlen query name           accession   qlen   E-value  score  bias   #  of  c-Evalue  i-Evalue  score  bias  from    to  from    to  from    to  acc description of target
#           ------------------- ---------- ----- -------------------- ---------- ----- --------- ------ ----- --- --- --------- --------- ------ ----- ----- ----- ----- ----- ----- ----- ---- ---------------------
TRINITY_DN70832_c0_g1_i1:37-519 -            161 8373at3041           -             98   8.8e-39  129.5   0.2   1   1   1.3e-41   1.2e-38  129.1   0.2    10    92    65   147    57   155 0.93 -
TRINITY_DN1437_c0_g2_i7:100-399 -            100 8373at3041           -             98   3.1e-12   44.4   5.6   1   3   6.1e-08   5.7e-05   21.1   0.2    54    90     5    41     4    42 0.94 -
TRINITY_DN1437_c0_g2_i7:100-399 -            100 8373at3041           -             98   3.1e-12   44.4   5.6   2   3   6.5e-08   6.1e-05   21.0   0.7    54    87    38    71    36    75 0.92 -
TRINITY_DN1437_c0_g2_i7:100-399 -            100 8373at3041           -             98   3.1e-12   44.4   5.6   3   3   0.00045      0.42    8.7   0.1    52    81    69    98    68   100 0.85 -
TRINITY_DN1437_c0_g2_i6:121-450 -            110 8373at3041           -             98   1.6e-06   26.0   8.1   1   3   0.00028      0.26    9.3   0.5    54    78    15    39     4    57 0.84 -
TRINITY_DN1437_c0_g2_i6:121-450 -            110 8373at3041           -             98   1.6e-06   26.0   8.1   2   3   2.1e-06     0.002   16.2   0.2    60    91    60    91    52    95 0.87 -
TRINITY_DN1437_c0_g2_i6:121-450 -            110 8373at3041           -             98   1.6e-06   26.0   8.1   3   3    0.0016       1.5    6.9   0.2    56    77    89   110    87   110 0.90 -
TRINITY_DN21472_c0_g1_i1:17-346 -            110 8373at3041           -             98    0.0026   15.8   0.1   1   3    0.0018       1.6    6.8   0.0    51    92     5    46     2    51 0.91 -
TRINITY_DN21472_c0_g1_i1:17-346 -            110 8373at3041           -             98    0.0026   15.8   0.1   2   3     0.016        15    3.7   0.0    54    81    41    68    38    76 0.87 -
TRINITY_DN21472_c0_g1_i1:17-346 -            110 8373at3041           -             98    0.0026   15.8   0.1   3   3     0.002       1.9    6.6   0.0    49    87    70   108    53   110 0.82 -
#
# Program:         hmmsearch
# Version:         3.2.1 (June 2018)
# Pipeline mode:   SEARCH
# Query file:      /sw/bioinfo/BUSCO/v5_lineage_sets/lineages/chlorophyta_odb10/hmms/8373at3041.hmm
# Target file:     /crex/proj/snic2022-23-81/expression_algae/code/busco/trinity_VA-3180-Osg10Mul/run_chlorophyta_odb10/metaeuk_output/initial_results/trinity_VA-3180-Osg10Mul.Trinity.fasta.modified.fas
# Option settings: hmmsearch --domtblout /crex/proj/snic2022-23-81/expression_algae/code/busco/trinity_VA-3180-Osg10Mul/run_chlorophyta_odb10/hmmer_output/initial_run_results/8373at3041.out --cpu 1 /sw/bioinfo/BUSCO/v5_lineage_sets/lineages/chlorophyta_odb10/hmms/8373at3041.hmm /crex/proj/snic2022-23-81/expression_algae/code/busco/trinity_VA-3180-Osg10Mul/run_chlorophyta_odb10/metaeuk_output/initial_results/trinity_VA-3180-Osg10Mul.Trinity.fasta.modified.fas 
# Current dir:     /crex/proj/snic2022-23-81/expression_algae/code/busco
# Date:            Fri Sep 23 10:11:54 2022
# [ok]
