#                                                                                         --- full sequence --- -------------- this domain -------------   hmm coord   ali coord   env coord
# target name                     accession   tlen query name           accession   qlen   E-value  score  bias   #  of  c-Evalue  i-Evalue  score  bias  from    to  from    to  from    to  acc description of target
#             ------------------- ---------- ----- -------------------- ---------- ----- --------- ------ ----- --- --- --------- --------- ------ ----- ----- ----- ----- ----- ----- ----- ---- ---------------------
TRINITY_DN110489_c0_g1_i1:98-637  -            180 9197at3041           -            136   1.7e-18   64.5   0.6   1   2   1.5e-08   9.4e-06   23.2   0.0    14    91    10    98     2   110 0.73 -
TRINITY_DN110489_c0_g1_i1:98-637  -            180 9197at3041           -            136   1.7e-18   64.5   0.6   2   2   1.5e-13   9.2e-11   39.4   0.1    86   129   123   166   115   170 0.94 -
TRINITY_DN60_c0_g1_i1:2059-2697   -            213 9197at3041           -            136   1.8e-16   57.9   0.2   1   3    0.0084       5.2    4.6   0.0    16    52     3    38     1    43 0.80 -
TRINITY_DN60_c0_g1_i1:2059-2697   -            213 9197at3041           -            136   1.8e-16   57.9   0.2   2   3   1.1e-06   0.00065   17.2   0.0    47    86    50    89    45   105 0.84 -
TRINITY_DN60_c0_g1_i1:2059-2697   -            213 9197at3041           -            136   1.8e-16   57.9   0.2   3   3   1.7e-11     1e-08   32.8   0.0    86   124   166   204   158   212 0.89 -
TRINITY_DN60_c0_g2_i2:2125-2403   -             93 9197at3041           -            136   6.9e-10   36.6   0.1   1   1   1.8e-10   1.1e-07   29.4   0.1    48    85    51    88     1    91 0.62 -
TRINITY_DN60_c0_g2_i3:2167-2445   -             93 9197at3041           -            136   6.9e-10   36.6   0.1   1   1   1.8e-10   1.1e-07   29.4   0.1    48    85    51    88     1    91 0.62 -
TRINITY_DN60_c0_g2_i8:2167-2445   -             93 9197at3041           -            136   6.9e-10   36.6   0.1   1   1   1.8e-10   1.1e-07   29.4   0.1    48    85    51    88     1    91 0.62 -
TRINITY_DN109070_c0_g1_i1:532-840 -            103 9197at3041           -            136   9.7e-07   26.4   0.2   1   2   0.00066      0.41    8.2   0.1    69    98     5    32     1    54 0.76 -
TRINITY_DN109070_c0_g1_i1:532-840 -            103 9197at3041           -            136   9.7e-07   26.4   0.2   2   2   1.1e-06    0.0007   17.1   0.0    87   129    53   100    43   103 0.79 -
#
# Program:         hmmsearch
# Version:         3.2.1 (June 2018)
# Pipeline mode:   SEARCH
# Query file:      /sw/bioinfo/BUSCO/v5_lineage_sets/lineages/chlorophyta_odb10/hmms/9197at3041.hmm
# Target file:     /crex/proj/snic2022-23-81/expression_algae/code/busco/trinity_VA-3180-Osg10Mul/run_chlorophyta_odb10/metaeuk_output/initial_results/trinity_VA-3180-Osg10Mul.Trinity.fasta.modified.fas
# Option settings: hmmsearch --domtblout /crex/proj/snic2022-23-81/expression_algae/code/busco/trinity_VA-3180-Osg10Mul/run_chlorophyta_odb10/hmmer_output/initial_run_results/9197at3041.out --cpu 1 /sw/bioinfo/BUSCO/v5_lineage_sets/lineages/chlorophyta_odb10/hmms/9197at3041.hmm /crex/proj/snic2022-23-81/expression_algae/code/busco/trinity_VA-3180-Osg10Mul/run_chlorophyta_odb10/metaeuk_output/initial_results/trinity_VA-3180-Osg10Mul.Trinity.fasta.modified.fas 
# Current dir:     /crex/proj/snic2022-23-81/expression_algae/code/busco
# Date:            Fri Sep 23 10:11:54 2022
# [ok]
