#                                                                                        --- full sequence --- -------------- this domain -------------   hmm coord   ali coord   env coord
# target name                    accession   tlen query name           accession   qlen   E-value  score  bias   #  of  c-Evalue  i-Evalue  score  bias  from    to  from    to  from    to  acc description of target
#            ------------------- ---------- ----- -------------------- ---------- ----- --------- ------ ----- --- --- --------- --------- ------ ----- ----- ----- ----- ----- ----- ----- ---- ---------------------
TRINITY_DN29704_c0_g1_i1:91-510  -            140 8106at3041           -            161   1.9e-09   33.9   0.0   1   2   8.2e-05     0.024   10.9   0.0   107   157     9    61     1    65 0.79 -
TRINITY_DN29704_c0_g1_i1:91-510  -            140 8106at3041           -            161   1.9e-09   33.9   0.0   2   2   4.7e-08   1.4e-05   21.4   0.0    94   156    64   128    61   133 0.84 -
TRINITY_DN1586_c0_g1_i1:299-700  -            134 8106at3041           -            161   4.5e-09   32.7   0.1   1   2    0.0007       0.2    7.8   0.0   106   153    14    63     8    72 0.82 -
TRINITY_DN1586_c0_g1_i1:299-700  -            134 8106at3041           -            161   4.5e-09   32.7   0.1   2   2   9.3e-09   2.7e-06   23.7   0.0    96   157    72   134    65   134 0.86 -
TRINITY_DN1733_c0_g1_i1:653-955  -            101 8106at3041           -            161   1.4e-05   21.4   0.6   1   2     0.014         4    3.6   0.1   137   155     8    26     2    34 0.81 -
TRINITY_DN1733_c0_g1_i1:653-955  -            101 8106at3041           -            161   1.4e-05   21.4   0.6   2   2   1.3e-06   0.00037   16.8   0.1    92   156    34   100    28   101 0.89 -
TRINITY_DN23826_c0_g1_i1:139-459 -            107 8106at3041           -            161   0.00023   17.4   0.0   1   2    0.0088       2.5    4.3   0.0    96   125    20    49    10    56 0.63 -
TRINITY_DN23826_c0_g1_i1:139-459 -            107 8106at3041           -            161   0.00023   17.4   0.0   2   2   3.4e-05      0.01   12.1   0.0    95   136    52    93    48   102 0.84 -
TRINITY_DN15993_c0_g1_i1:93-398  -            102 8106at3041           -            161    0.0027   13.9   0.4   1   2     0.019       5.4    3.2   0.0   141   159    20    38     4    40 0.65 -
TRINITY_DN15993_c0_g1_i1:93-398  -            102 8106at3041           -            161    0.0027   13.9   0.4   2   2   0.00024     0.069    9.4   0.1   100   139    45    84    36   102 0.77 -
#
# Program:         hmmsearch
# Version:         3.2.1 (June 2018)
# Pipeline mode:   SEARCH
# Query file:      /sw/bioinfo/BUSCO/v5_lineage_sets/lineages/chlorophyta_odb10/hmms/8106at3041.hmm
# Target file:     /crex/proj/snic2022-23-81/expression_algae/code/busco/trinity_VA-3180-Osg12Sin/run_chlorophyta_odb10/metaeuk_output/rerun_results/trinity_VA-3180-Osg12Sin.Trinity.fasta.modified.fas
# Option settings: hmmsearch --domtblout /crex/proj/snic2022-23-81/expression_algae/code/busco/trinity_VA-3180-Osg12Sin/run_chlorophyta_odb10/hmmer_output/rerun_results/8106at3041.out --cpu 1 /sw/bioinfo/BUSCO/v5_lineage_sets/lineages/chlorophyta_odb10/hmms/8106at3041.hmm /crex/proj/snic2022-23-81/expression_algae/code/busco/trinity_VA-3180-Osg12Sin/run_chlorophyta_odb10/metaeuk_output/rerun_results/trinity_VA-3180-Osg12Sin.Trinity.fasta.modified.fas 
# Current dir:     /crex/proj/snic2022-23-81/expression_algae/code/busco
# Date:            Fri Sep 23 10:13:13 2022
# [ok]
