#                                                                                        --- full sequence --- -------------- this domain -------------   hmm coord   ali coord   env coord
# target name                    accession   tlen query name           accession   qlen   E-value  score  bias   #  of  c-Evalue  i-Evalue  score  bias  from    to  from    to  from    to  acc description of target
#            ------------------- ---------- ----- -------------------- ---------- ----- --------- ------ ----- --- --- --------- --------- ------ ----- ----- ----- ----- ----- ----- ----- ---- ---------------------
TRINITY_DN1357_c0_g3_i1:356-1096 -            247 3540at3041           -            313    0.0001   17.8   0.0   1   1   9.1e-07   0.00019   16.9   0.0   133   193    86   146    75   241 0.62 -
TRINITY_DN366_c0_g1_i10:749-1546 -            266 3540at3041           -            313   0.00012   17.6   0.1   1   2      0.28        58   -1.1   0.0   227   283     6    63     2    89 0.71 -
TRINITY_DN366_c0_g1_i10:749-1546 -            266 3540at3041           -            313   0.00012   17.6   0.1   2   2   1.4e-06   0.00029   16.3   0.0   144   179    90   125    82   187 0.87 -
TRINITY_DN366_c0_g1_i4:812-1609  -            266 3540at3041           -            313   0.00012   17.6   0.1   1   2      0.28        58   -1.1   0.0   227   283     6    63     2    89 0.71 -
TRINITY_DN366_c0_g1_i4:812-1609  -            266 3540at3041           -            313   0.00012   17.6   0.1   2   2   1.4e-06   0.00029   16.3   0.0   144   179    90   125    82   187 0.87 -
TRINITY_DN366_c0_g1_i6:865-1662  -            266 3540at3041           -            313   0.00012   17.6   0.1   1   2      0.28        58   -1.1   0.0   227   283     6    63     2    89 0.71 -
TRINITY_DN366_c0_g1_i6:865-1662  -            266 3540at3041           -            313   0.00012   17.6   0.1   2   2   1.4e-06   0.00029   16.3   0.0   144   179    90   125    82   187 0.87 -
TRINITY_DN3922_c0_g1_i1:710-880  -             57 3540at3041           -            313    0.0025   13.2   0.0   1   1   1.2e-05    0.0025   13.2   0.0   158   181     1    24     1    47 0.75 -
TRINITY_DN6445_c0_g2_i2:105-272  -             56 3540at3041           -            313    0.0036   12.7   0.0   1   1   1.7e-05    0.0036   12.7   0.0   158   196     1    36     1    56 0.71 -
TRINITY_DN34328_c0_g1_i1:233-334 -             34 3540at3041           -            313    0.0041   12.5   0.1   1   1     2e-05    0.0041   12.5   0.1   158   179     1    22     1    31 0.85 -
#
# Program:         hmmsearch
# Version:         3.2.1 (June 2018)
# Pipeline mode:   SEARCH
# Query file:      /sw/bioinfo/BUSCO/v5_lineage_sets/lineages/chlorophyta_odb10/hmms/3540at3041.hmm
# Target file:     /crex/proj/snic2022-23-81/expression_algae/code/busco/trinity_VA-3180-Osg11Sin/run_chlorophyta_odb10/metaeuk_output/rerun_results/trinity_VA-3180-Osg11Sin.Trinity.fasta.modified.fas
# Option settings: hmmsearch --domtblout /crex/proj/snic2022-23-81/expression_algae/code/busco/trinity_VA-3180-Osg11Sin/run_chlorophyta_odb10/hmmer_output/rerun_results/3540at3041.out --cpu 1 /sw/bioinfo/BUSCO/v5_lineage_sets/lineages/chlorophyta_odb10/hmms/3540at3041.hmm /crex/proj/snic2022-23-81/expression_algae/code/busco/trinity_VA-3180-Osg11Sin/run_chlorophyta_odb10/metaeuk_output/rerun_results/trinity_VA-3180-Osg11Sin.Trinity.fasta.modified.fas 
# Current dir:     /crex/proj/snic2022-23-81/expression_algae/code/busco
# Date:            Fri Sep 23 10:13:13 2022
# [ok]
