#                                                                                         --- full sequence --- -------------- this domain -------------   hmm coord   ali coord   env coord
# target name                     accession   tlen query name           accession   qlen   E-value  score  bias   #  of  c-Evalue  i-Evalue  score  bias  from    to  from    to  from    to  acc description of target
#             ------------------- ---------- ----- -------------------- ---------- ----- --------- ------ ----- --- --- --------- --------- ------ ----- ----- ----- ----- ----- ----- ----- ---- ---------------------
TRINITY_DN4064_c0_g1_i1:256-774   -            173 439at3041            -            847   3.5e-73  243.5   0.4   1   1   2.4e-75   3.9e-73  243.3   0.4     3   155     1   173     1   173 0.92 -
TRINITY_DN6998_c0_g1_i2:2-154     -             51 439at3041            -            847   2.7e-32  108.2   0.0   1   1   1.8e-34   2.9e-32  108.1   0.0   778   828     1    51     1    51 0.99 -
TRINITY_DN3401_c0_g1_i1:38-550    -            171 439at3041            -            847   1.5e-22   75.9   4.5   1   2     0.028       4.6    1.6   3.2   540   575     4    39     1    64 0.82 -
TRINITY_DN3401_c0_g1_i1:38-550    -            171 439at3041            -            847   1.5e-22   75.9   4.5   2   2   2.6e-24   4.2e-22   74.5   0.0   718   829    57   169    44   171 0.83 -
TRINITY_DN44119_c0_g1_i1:43-393   -            117 439at3041            -            847   4.6e-14   47.9   0.0   1   1   2.9e-16   4.6e-14   47.9   0.0     3    84     1    83     1   116 0.88 -
TRINITY_DN26590_c0_g1_i1:12-353   -            114 439at3041            -            847   3.1e-12   41.8   0.0   1   1   1.9e-14   3.1e-12   41.8   0.0     3    83     1    81     1   112 0.88 -
TRINITY_DN3401_c0_g1_i2:29-190    -             54 439at3041            -            847   7.1e-12   40.7   0.0   1   1   4.8e-14   7.8e-12   40.5   0.0   781   831     1    51     1    53 0.96 -
TRINITY_DN3987_c0_g1_i1:126-524   -            133 439at3041            -            847   0.00033   15.3   0.0   1   1   2.2e-06   0.00035   15.2   0.0   760   799    50    85    40   124 0.81 -
TRINITY_DN1110_c0_g1_i3:1894-2472 -            193 439at3041            -            847    0.0013   13.3   0.0   1   1   9.8e-06    0.0016   13.0   0.0   735   818   107   180    85   191 0.81 -
TRINITY_DN1116_c0_g1_i1:3-623     -            207 439at3041            -            847    0.0023   12.5   0.0   1   1   1.9e-05     0.003   12.1   0.0   754   821   103   166    96   178 0.85 -
#
# Program:         hmmsearch
# Version:         3.2.1 (June 2018)
# Pipeline mode:   SEARCH
# Query file:      /sw/bioinfo/BUSCO/v5_lineage_sets/lineages/chlorophyta_odb10/hmms/439at3041.hmm
# Target file:     /crex/proj/snic2022-23-81/expression_algae/code/busco/trinity_VA-3180-Osg11Sin/run_chlorophyta_odb10/metaeuk_output/rerun_results/trinity_VA-3180-Osg11Sin.Trinity.fasta.modified.fas
# Option settings: hmmsearch --domtblout /crex/proj/snic2022-23-81/expression_algae/code/busco/trinity_VA-3180-Osg11Sin/run_chlorophyta_odb10/hmmer_output/rerun_results/439at3041.out --cpu 1 /sw/bioinfo/BUSCO/v5_lineage_sets/lineages/chlorophyta_odb10/hmms/439at3041.hmm /crex/proj/snic2022-23-81/expression_algae/code/busco/trinity_VA-3180-Osg11Sin/run_chlorophyta_odb10/metaeuk_output/rerun_results/trinity_VA-3180-Osg11Sin.Trinity.fasta.modified.fas 
# Current dir:     /crex/proj/snic2022-23-81/expression_algae/code/busco
# Date:            Fri Sep 23 10:13:14 2022
# [ok]
